$ANSIBLE_VAULT;1.1;AES256
39336533363565303330306162336138633664636231303165353832663964383634373131643365
3765343439663135333665616231393230363265643134310a623833646161373132333439373763
66663139653538363430313331353538613638393738666133336637373465353265396164643039
6665396535303965330a333265346163346465353636303131306539306437356132313261313635
63633934643665306638653538393431323666313164363630306433396639373039396363393037
30386461636532646261313665663337333862303563336466336235663861313331356531616561
37613964333837636262636166343534326138613334653066663135373135376435346431373436
63623666366264303063323165396134633133646137323036326434383637653362356337306333
31373130343835663638383864376535346239386664356265353132356533613464396162313232
61633931646465313065366331366638336565656635343863643431663235383361613966313232
33636665646139376536353731346466303238303061623437623930346434396234386134373164
35356639303739613836313333333234393235346337303730303462356161343234343465636435
37653335323437653166323934353865346431373830383261623233373337636563666630633833
36323462623630356639346435336135393764346633383164303462663035623335323266363036
36386161643830653930636330663231366364663431373332646637663263306635633835303037
65643961383437613065393962343131356564653866383562646130353164623563306365323430
36383866376439656233396639396634336439376231636633346562383064323333663230363132
66643235383832386465356635346664333262646565386362366165396431353364323132393734
36373231656632366133363531623632353235353963383338383664363830343264643937326133
37323333666137636262343266656265376363326334323332626332326634333764656432623631
66353565643232643066373139396464363266643965363537313564333938666535656566323835
66313638306461383731343966643666626435316330363339613734363837656433373739393039
39623633626463306532633864393862666430623033326361663038333339343864343062343630
37343437353939626663346634386236366435343639336638623964643965663435376338376535
61633765313539383530353136396262616162303365303234313562303638643362653038396239
33666533396336663461363832633839623163663134656565393137313130313536303862316339
31383238323435623137613662363861633863643237333538396230653066616466636466616135
33306662313532346231363134623766313664323162396666616135633234336362393964353833
37333764623232363935653035386665363561626433653364313636653134376135346233323931
33643734373430396333613439633134313864393637376532643638323438353835356464613337
62633966333931646461383433303039633566333938393666643366353538656462663131633864
63633064633432356434353334643735616634393662636234353838383265326339386533353333
30306365363263643835343936366230626162623539663931663532663734326166313034393335
31396238313332633739636530643564303239346261653937633862666565623563623862356363
36353230353432386464303539363537393732373435383138356462623033343266343930313063
30313861336565633031313163636133333135646464613933633732353938626137666232656335
31666630306432333530623635386538373037383839636430326631643038353239393035306433
33323464636466333230393130616237363030646435623035623863353334333365366163643531
33373862663334393831316437363036613135666632353766643231633030396433656638366263
33373261373834653466346564303234336334383438663834376231376232343738313061366338
65313431366137663761353062656437353432336234623239393135383132316338313836646237
64653564613634633631343330353265353730326239646439343535323139666537666131346432
39343937643936663462353934396237626364393737333266353864366665646237666664666462
62373534386233343362613264393134336131363331336539386463663935663339613238316132
36613966643361386534336361343763383339656563373164393362336532643038653765386636
65666334373237316161613036356566326366383965623139643366356530636264313633396663
37326234343430653564373734306161633730393233616665363831353437333661633130356439
61333532386265306564616336663361666531366335643065656137643065396363393439313139
66616235383061653539666238643237386239396161323237613839373638636566663032646665
34653163653539616161616130643133646265336435343637306461646238393038643730616639
36303366333539393362333937636133306632353833316437383332306432633564393539646230
36373561353364306530373434633733313161383939346561333234393932386333333233626564
36333539363365346635313936623030623135316264336433666637663937353535366466656630
63663839363934636435323966636537313235633362306665643935646533656332326133336466
36633039373937613438663365613437656464303661643164303662653234623464343231633338
65653561326636373561663864623264626334336231383535663137613637333163666533626166
61646631376536633032656530306633653033653261396434333838346230393162386337656161
33333335303239623834363738643838666433306235323133666431343234653261386266616633
64623765333839663634653361633265383064353431333231383730326136316631393637323966
38643066336439356636376262663235393331383833656333313534383437303935363831363336
62633639363835643636633438366664613337343065616235306339326665353533663463666135
35366138653035616262343965373734643763616431316535373639636565623366336131386635
65356362633066623937373764633734333161613733613835313463663530613262313138323535
61363833643863643434356239316235616139383231373938643033313662326135396666396438
30316439386132326461613931326333323539653633626166313362366265353532333631313835
66393238343464663030336165626165356433383430396665353263633865373735306439646164
32376436626432653738313937323037633162303162386638613236353430393031303833653636
38613939616662343637616265313139303337326334643038313434326436353861386237663331
32333437313239393966373064636164653934656364663162313533633066643566653264333434
39343632653339393537343666353963656332633531363536636662363666313065616665333933
31323930663731363730616539316463613563396339316463643638366337363263386237616334
37613533356163613830333039313037336166333233363565313830343162663462616532383839
39326239383861363137363639633562383636623162623033633065383731333937653335663036
39303064363762663530383631626430623038393730643734636430636665663837656231316266
64666633323365666130613964393864616266353462653537633261363361653433616531343139
63363963386236646234303437376163376262326266626263323734333931663231313831353033
37663561383133613736313037646364326662646337646264303431346139646164353063613535
62323139343539626664303734316436636639333466653266326636393839316662656239663366
39646365343232313139633937343066646664623132613430393830316334323338633936656138
31373736353231643030396664633839636562376362393764346433333136343636343634633061
63626364393134336662623066303139316230393563396436633534366530623837623034393264
35373133613634613762636666313637306566643535376361303264333132343238343331386134
34633830656233613938646563393163326265303830313165356463633037343039653731663263
39306337616634313233366263613634653831613030623965656433363930313261326365323862
35373339373437303735653765656664363138616366353838306661373835333537636463376262
38313062303838373561373437656637316364353863616565363932626432363161326132623166
30333462386434376266386332633862393665353734343335633839303137653130613833373261
63316135313533613764346434663632613361303162303332356566396131373938313564376534
65623165663333636137353861633166626637306433373438303737396461633765303632653732
33366463333837373539633661316537373433366563646264353534393831623166336234616535
37323039373231333234613864313539363531316262373463306562646434386362386362356633
63356463303631626663316335656561646136316164636334306533643462643630636331613534
39353363376135323364316231353834643337303033336161346439613336613963323035336430
33356264323465613432376565383363323565393438386363363666633065663332643434363365
31656164353237616534623236383337356431316237396661636663393266323238376533373664
63313464633234353466663361623066316366336331613738336639396163356365393233643265
37373861626432326430643134353838333936313039613036326531633235636563633234393136
35626336653463613336303835313637303331396363636362376332373238326662633064303666
31396139626566383732336633646564643138623438643032356266333364323931653035333132
64656362636233303636353230316334363331613436333932336430373330306235376630613135
35643337366236663330646364666330623035313035663561353931363731623730336364306531
32666561366565663136306230633766373666383661383231646131336434613766613539313836
36373062373531366461363861323339346361636363633233613861316161366662313738376531
63303432306463343031626464626338656237363833613436616662333838636232396433653664
36613163303765323165616162383035626635656664356431623938373838393063336635616333
38313635323238656436636130613332613366326630303962336133623932346437383033663637
38633639356235346137313462303363383034393432373161353731643638646430376661353663
36653132376632313165313966353334306235626533653262663061323763373736613539616131
6537
