$ANSIBLE_VAULT;1.1;AES256
62343334393765356637313866623264323939343061653036376333316563636237303431386162
6366306437623436346135386532623037316633353133300a383334663861636335613963653333
30663830643239326432353436326261643461366638373836336562326337616431623133643738
6630636439616365330a393036656232383163356638313365393865646166316234613061353965
39346633663036306362323839386461633663636538643731303936353134623562376634663938
37323133626431643461313436353234663965636461393462643539396338636466626330353833
36346661303230373631313462376464343036393662313033663965373035313530326332636439
30313331343166666335303336336537376539643764636366343261626262616437623536303639
66396262316138646634353632343361613535323638616432303136303036623537323564303363
34303236633162313164316336633330656364623139616537626530326637313635326438616166
30303330663230663833323864343932316631646463353766623636656138326234323566306233
30376433366464633030666565343736643765666338633837623530663239393064303065366436
63633430323332646136353964323137383266666531666261613661646433643162376535396137
64333964653862306634363736623136313564353165663439353536333231613330663933363264
64613734313130343531323662313031663066666536623337333865613533656433363562366365
34343836663631316336303466326537313430393038323239616232616332633663353265626362
38376131643530313662323138323137303837666263343563356235326266383631653964643661
38353634353865393231326238393861356135313732623334396662633731626162356639326130
37323130316164633062633035343339326339653064613431643763366432326434633533623665
61643433666166326636306564353364343233643466393262393164356665646531343662376435
38663136363732346331633665396133346664383135373063303064343561333035323062303837
66373330393465386465666665306437666266363039363330653036343133653466343833333361
33656333613636623262313434626163323537633133306631636335303262356462303936613935
35363633653363376530336230333534356433653637663866633236303835303032643062646338
66323963383633376435386133316339646136373064383534326536366562666131323964336632
33313037386635316634323330633034656638636238323834376439316266323635383964316365
66343333326635633138343939313865656563373232653664613238613263643266646336323364
36353136663265393432643966653332313231336439323530363863346538663263666531373334
61373438616366396666383132663364366233346634316631326439356232643130633463336130
64323434393461626236313763643130376236303563623438663566613630653862383564643730
36373366333363313361653563373463363639643666396431306535323833386333313039323266
37336564343330393936313264396365396238373363346435653630613066613730616435343234
65343361643261653639393137336566326661343931356331643466613466303763383538333764
63343665376633633536633334303864636331343361353438316636323362356233333930313636
66346665393864636364633837346632383935653937323034613966616134653231623930303363
35646462393265626338383031396463343832393930303033313866626134326364623634383861
33623766316130636637313762323166326438313830353864333762356532396261396334356563
30383764313161383932383661333163383862323437323235306437343038343737643539303339
37333364653936666237386537346362613861323332323032663634303031663263643865323065
34356664656231303231316435613066303033613338303638353634623833623139396365393231
62343735306338393662626435663961653561666437346261336133636438623933303233656439
66633136303030373338366234346337396262303934633961643330326364313830313338656633
66313335343331656431656262343234646335353237346332326161316535353737316362363733
63303039636464333134663730633265636137323138366461383762353131643331316366313239
39383834333736353232316237323038366265393436373537336463396563313066613830393836
65346466623039646666353761313135653437376237396131316234653533396264363430656433
61666134363339633333376138623036386238396463356331373937343436616332383833396237
35313938306238343264323638653561313361663730646665343832306637333166383539363635
38356265373535636166303463343066306163656264303865363362363930323131393035353437
30306236313461393463343766386331313836633532366565376162653739623461326130383837
61343365373062306432393266633463313937323639373739386164326330376633623137343036
35363762313037376439306266616438333933363432653065656337386635363735633731613139
38333636303961323233643738313631393365383232353836346636326464346162626533613534
30343261326139343864363865353433343832666466656238646661653537333866333136613234
36373036396332323966366162646534306464313238383965303061333466626433376236353239
39333336616563633035616231663638306239313862393364666331616535356133376533643137
32646166373062333031343231366365353465363537383563363934663363366636393366383632
64336535623264616630376166623863663538356135366531613936326430303763343330663735
32613063376462366334393262626463613937383935616264623938663038373334653635363033
33383233306165303538643139386134393836643839376232646434613131373432336238646130
62316331666161306461643734653063613531303030383832303935346163306534313031316530
35666466333339633664383066663437643164663361343231383839626662623934633061303765
33656132353865336234383637613536643032663665623763313538643231616432396564626630
32313831616138366237366164366439643837323231343562323365653434616463333035636639
35383166303239626265333764313866626330613464373562393133663165623964623261303564
33383561613164303339343565383933633664303662363765363337633732343832326436643536
31653834393034316338663030343239666564613664333130663366393336326265656561363136
38333132343032323236643538643537636332616138623930663066383366383063303835333439
38633737326339393964396562643836303366373436336465376231363832383630383937363031
65376133313964663738633231383035303635623761303233333633663461326539356363383638
30353032383931666566643635323266663534396639656534333365636230303734346232656264
31393332333065323038643266316632633537326638373639363535346165313739363262316235
39353562626634396265656562666533383435316433303362363630323730663636386137393431
32613033613830623566383639303137353636373232313734353461393239386265303230323337
38346635396239383932636530633236343934393862366233613734653765323363336162336561
65316231613836346435633531316336636365393936663733383162323662383661386436653532
63316334383132393931323337386530336562353039326637633664383034316131343533383366
30356432383832363064623732356539386439386539303536393332663964656332323031363334
36383934396563393265303533333336316133623538383536396466373966336563356161363737
34616136316238643931346266626662346339313239663538393536393366323730636637306162
62353465653664313262636533356662396434653737343734616338396238313530353163643638
30343332666238336265643366383865383362343137643230373337316531393463393932316136
64346531616661656538656261653364353137626162656165626639653534663238333333653232
38303933663565333238323536376336376234313339663932343464306634336631396136396630
63346436643031643733633164636331316661303932386536343833626534313931346636626237
39343035316538396231393433346561383664653631653734633031363439336134383433393161
38643461363761613764666632313138636131626465663463313330376230626138356236666331
61386562313037383135643832653235393436303162613631363265353430666630363164666637
32333733646235383965396466613936663665366663343866343132353336366439333965333763
62653664353933346531323062386462333934393130373037636330303132663534313563333639
66336466343437306661333933666432363762373239643139626334643831343965666338363433
31303034336366643766373939633163356435326437643939353036363261303562646331363937
61343936623534343262393331363366306161623864386465633531356464363437633031373963
64666533393034393739363437636437646166326132346532653036356365356131363636346534
64623766623563656634633261353331376333323938653564623238356639633866303830343039
65613962346433353962333063343633613931363739633838323730636430326564386163363136
65343330373036663839616130306265376466643966623263353931336133326131343533643733
33316337663431626266663235373063333437653435666236633863626630323731353130356430
61386534636261356634653932653239356339633030386439323031626561383266326663363761
31393266313465663430636338326466326665373235623036623239376663333136323739613038
63386239616262346364343164326434333464616632353537646539386439636339356237343330
33613338333430393732363362383865616364636139366435353133303265353236623166633031
35336139643864323331633463633830306532353736656262363031326239626539316364333536
65306132383136303035633663306533333130333731663762393366663732306233346363393832
63663431303631386562343062336530666633313132383666613030393932663236653032326661
37343265393965633631386231393030646332663938336365386631646663303536356635623630
65336637343239613333306662663335356435323261666565356532663461666234313735373261
66333437633564373361353530306165396637666636383032636562643136626338643635623436
36393564333937353833396465623061386437373666326332626162653664373237353162623066
33326463373136313637323536393535376130643837393966393032326361316531306636323432
36313430303961306636663664343437623062313137653266376332626336366131656535393035
64383834346234663538656533653331656334386130393634343836636565323138656331353565
32326533303938353965313263306535343737323331386135303062616163643066656364623532
62306530613733326335666665353862663736383831353765613539306133303337616565646566
66613166313735323935386538393636643136633037646264353437303865373033363462643632
32613536363134323531376365316631333430383930653038653262356236303465653630333032
36316163323263623434336638383065343161316465323761343039646634313865326465396430
37643664383233366662623531663431346630653732323661333961363633386239323566383764
34363964316665336238346233346165373963323264393663343030383062343635626534616561
31326136653330383736376335396261356235313739363836343834396336353130343935343537
30626365313866353837613162643632653836646461323336616566313831653164313333326331
66363964323537353537613335346362346136616231333531643664396466356639376166643535
39383037373162366535343634633565316139386261376465323031316533353835383261366134
36343962633733363636366337313735666265373135356136393365383732663061326162373631
39663231616239656437633864396539393830333239626261626539386532633462346534363663
66393630663832396636643362366533626431383231653961353634656230393634326437353030
64666333646265666463386365373166326665643739663166383337663338623664306463383166
62316462373236663264373138636163316663626362343664646330353164613839353131393738
61633963376433653932313638343232646263626436376634393139333464326630396465383835
34343133343836313761616533383662326362656232656361306634626165353538653861303263
63303466323431613135636235666439666666323632633761383162366265666530656665313834
33613630663962336630363933623730363863613031643235306361373137323830366361656261
62633832386235383332366337373838316162353635336332653337323436623033383662666131
64623265316132356265323233643261306161306333333037353463396137616234393865303130
62326266303137376237363935636437646135333233656130613663376138323339646166653630
31613537326264363939373339386135383866306135656237386164663430663135666632393334
32376262643165653737663161353364666663356332663030363962396236363431326266323664
36306134373430616236643334373031396333316130346462306437303831323564656130656134
62313931663564613834323165623432383037363633353366656364353062373136623535623162
64353538626334646330323863656366346262333538346236613637613064323932653163656136
61333236646263363735376532643532613635663764633535616133346662303561643631346232
66333034383835353661393830366232643730303131386239396161376235653465396462393964
39386535313061376231656364636164666466623732373839393464373765646165323564303431
33633639333730336663303063336238343339663030393339623062323333346133653734346631
38643833626262396133373237363465323438393639333062613535663461353861336339656566
65363435346238643632653935386530643838643737616634633664386231623432346161353764
64383238613739336666383534313030353763343364383437633036323061326434323863643636
38333135623631323530383738623339333436663163643038343131343661316564633837303732
62323538393635393965626538316639663965643262633434346432663163666261393130623363
37653736636337643431633734323834646266363462343636323838356630623366353766336538
30333537353732653261326432363632373363346564373466393934356664363637633730653533
38393934306338646232326437326538393334346138643536366635663233396238656632623437
65303438613166666363313132343266663435303065373033623662343834356166343630613539
32616337383865373063373736303364373630393436323434386331633864373939623865623135
65366232363464376163313930633638616361666433343339346663663932656336353334656530
34646239333339636466616664653535666130326236613530303434323565386132363632386434
64393034626238316530363961353862666635636664396366616634343339646538363538383264
30306665383261666661363639366434383761326137616134626539626338373231336133323735
61663737653133626266363233653663376364383262636662316234663031626436303334633732
63633232306463653665313962376666666364373937373962323439323164323030333138626430
37636439663532353261666139643065353333306332336462383034356439323034333237333530
36653935646133396666306264303732623836633264666637323634343135353432333938393563
61663536333735373030333264313034373064396639336135303038363063316661643637396335
62393133393865323633393661366638393637396339666531623132636537663135633065366636
61623061633563663863356264316564623532303139356561386633373234633065326334363361
61616163303532666166373635323636336636376538383464653966363133396263613833656235
33623032623933313436393636333165393135656438613130353836313832356530323132363662
38316239376133633533356663633232623735646539626163326366343034306531353866393863
39653762376335666466366539376131376266356130323637303265656461323730633334356336
39633231663934316536333739616231393363633365313364313966333536353331633738663162
36353363393636343032626139376439343638653935333133643663396465383430333364643961
63303635636364323434653063646132323263333565373563633539643338306466656432316364
63313433613234363866353630323666313536333361363963333633613635393834623733623963
36333265313038383261643166396538356565373063356134613464613363666531343637393061
38303230313930353764393664303832663733353435363438643362633565326562386136663338
38306639663633653739636562373564393535356330313136623335303866383163643065383537
31383062396436393133353933386666343434656365656336366465633764346135316237633330
36353163623835333766656533656230363430383261633135333930346332326239363562313865
33653861316666373634363130343763646566626164353066666238316666336537313965613935
38336165333135663434343930613932323036343133373863386539353837626566666634626334
30333363343662376239343133613666346161353066663035393936306439343337393934373534
34306664653139656466613662373534663039333662643363653234333264343330353038653632
36363835643366626134666162396132326532613538343466353532383439636632333835643335
36333661313130323961346663313862336338356461313837626435636137653939306336393637
35383936323331316539373466303739383366623133356338303133383139333165393534663730
30666531643464313034626264313238396633323733363861366136656165313765396562333934
30306438363731663766356436626463313866323930336139303362303866323935323064656335
34396362316164323165373561626639373736353734666130373233643133636666666535383637
61396237386666326339623530333565333666383638626563623733343664323961636335336164
39623838306232323134666138383139383836386335396565336430333638626435363236346435
62653837336639396235643864303532623361353432636265306633373764643063663634373161
36383437343336393365363363366630323462383932356435626532326439323139313064636536
64613035376261666265636636353566313661613532376532626631366532633162373963353030
39323963363639333438376261303234393633623835306333336634336537366239633538666439
35333937313266633264376366393533343265633361396330323366353038666633663633393637
61363564323336323862303535613339653334393033643163353430323934366461303962346537
30383730303439316438363235313466396632633133643965316563613165626337383164666332
66326233383863636663373731643163346135313131346634323839393564663231663534333234
32636563633936633434353936633430356165386163313062633830343465623230616331623664
63373963373933636336353261653139663538396231383162633436326237316365393434356138
63656261613362616537313632376132393830646231616663613731616666656432663638626266
37366630333062373461636166313762373866396163633238663865623364303333346464316231
33333532656463623734323162653165633665643238353465333132643764393232396432373763
34653464643861373535613564616531393565336331613162663062303637616132376262663035
31343939326234633930313938316332653962336365646366333936306433383465346138643939
63616666623831643930623530643135333137646236633133326339623666363034616463363366
30303336633961376131393531366265393961663364616134326338326663383862653262616137
32633230363466363331366464623535313561333461363765396363356239386339393964303035
30336332646665353862643032333835306535316336363161613530366331663439663363323538
65343934376233666136323230363463373335323636373237663339383332343530623864643665
32336166666234613539393637316435626163363265636434343362343439323033653530366632
35633664633534666661383737356130303633623231646164613737646565363261373535316265
35636139633064396638326131393231323465643266353965393562333235373335383565396338
39363034343432323532633762363237663262393634376337663361323138383639663135366232
61633131303534353361643839643063366134386164323231666635636533333039343533643638
34383138666565363662353665333065633465383364393937393937623261366437326533303939
61323336643230393361326564626437333239393334613437373161306335613432
