$ANSIBLE_VAULT;1.1;AES256
36386133306434383132356335376636653765373232373765323963653266373865306161623631
3138343538653639336331646533383133363731343662360a313435396330366361373134333966
61376336343265346435363161623237313734346132616234386536353631386130653662323862
6462656637313033360a656130613163633333613033383862393137356662333434353338326234
30313630623435386461336339646663393336363734326463363130633233373330623066616536
33383338343335633037346631303234333666663930383166373865633738356638383534636361
36623132313533316236383335353934316334393030633631363830663132323732326265306137
32373130303732366463393934353762383861313434636237653337366665336336356132636661
66333038396332303232633533656363313063376430656330303135643133303536616332663666
31386133316364323937356432303261343463333934373237633065343238306638323531396630
61616439326663353836636663353332383763666165333637373934653464306132333838616536
61393864616531353965646430313633383633616566626561653861383931373466636535326338
34653332666433376333626639336235623230326563643132643163333262343235616530363932
62316130643362376363393133363834346330656338376535343636656364313534353436303738
35366639666265313437303166663337626338333431313735363836393434363366356536653032
39366338633766356337316637393462383661663766376566323734626232636466333331303364
32303764313130373461356563646634623865643332623537303133353165623366623031643362
61313565383039663161643364353739626133346233306235343265376261623338363335396563
62373565316132303633396435303137373739646434613338653633376337623131616132343535
38653566316131623463346662623634343239613338303435626564616662363633666565316264
37363030383861623431326337333433303231323236633335366433323161616361613333663130
32326566336165313338313261336237353465653666346666616131306530353762376236626239
64366265383063376638623932333436613130633866333835373965373238343764666662323735
31626266313539306262386339366136323937336635303930343734396562346430356533323538
64363432616361353462666530363438666661353164363239363866636331396437653231303836
62623161386139333166333535613536373337313931356164373134363361616638376237343130
32336235653932663765623537366661393634616562633435313965613131643732643765616663
35333766343436313930356430303730376339653736616132386533336163656638303962653964
66313035313039386631336239616465393633353330646330366363613462303836613066386532
64643935363938313736636365613465376362613962323432323062646234643835623335613032
65633239313162616531353037616237303765316330356434396636326238633861306664373730
66326362613132656561623237386431643966386663356364646261616535393264313231346464
62356366633265373464393239613138643364623231626437653232643065656634623465346261
62616661336433613739643430313734306265363933386637383565333835376331643564366662
33646334353733356632336164373532656339623633326435386233303636623661636665643832
38646138393064333832376464663763363164353536356530323533363034386230613338326364
30633163616636343938396530646662353063656261366335643236383936333834616464303038
63333133363639623865396566356663656636343334643163313139616365333465313832326638
32386661623339343462363334613430633864653138346235376338356432356136666137626539
65636365626533303739613936636463636434343339616566356564366338366265366530386433
61373461323939366465323231623137326339346166373263373339663738316535333661636462
62363836336361376138613333303633363839386137346634396234663863623761326363386437
35343366626361303733313564626139666433366161336239326439383139646265363333303736
66353231393363396431346235613835356233316362306361306566353565636239326664313936
61616335366534313731636530653366373265333531636538386464363637376138353639393734
30333535633631663830613233616262363836336537383164623032343730316133616239653164
33666331623535383431343438613130373935343431376436336337626335653033383936306237
61633437373839613439313634626336303930626339613230313730636335363633656631383166
34353830353230343135653239366539383562306339313337643234316139386335326135373663
35656130353630383362653564313434366632663164333064366336616433613661633165636132
63343939633463363865326662646233303431636164613334643066373366633830633432616663
39313033303135383833396466333732333335636632366161346237623336323538303366343562
61636662333463343334373132623638336566383461343034633732643330363936323937393933
33633033353633333535643032306230333535333830653465633234393335306261356135626366
34636236623664623066613835326365346566346437663131353033613736656661326566313639
34316264396534663364376135653666666236346134386561353130333865613135663361613033
35613430373837663536396566623466343138623563356230386233613464636233653164363266
64396235336238636562386534383231376632336564376632303439313465303630323236363938
62343963653330663332666464613936666164313863373039343465383533383162656461336330
32393031393565353338383835633131653136626564656362313231343630663037326163613937
66356562336430313965623062376337353665333966343233303262623133383138643233373061
37383561343630626137633437386363663235353936303439356430626234646531343365656434
33393963393838353566306633613530663634316162336262653931613039643938333365616132
62356338353633353365663666623165643939333338303034383130653133336161333232626562
32663839346366336133373535326130346461356266336164326232666636343261363133646137
37383437343332663939313533336536383038316162346563373265383064393033303864303764
31393661376461363935633634353166636639373864653135383133623234343565656234336632
35326332653639343430366464316435306138666634626463353431316630333661373661643939
35653938333730633164333136303032323466666333646334613863663634326266393763653736
35353436386133656337386663303461663839366461626636316534623763353233363532376632
61333932653464666264333234393562313638396533643766643561646532363239643238353434
65356362336436366363643666396234616338346331616338343863653362336564633065353333
30646234656238396535623037343364626265613837643931353936396662353963666265373664
64633838356665633863643838303165353138383261306165323730303039646265646539306237
66333163613962653462386233333863626339616138643938366137353634613861333238613937
35616130396263303866663436343561323235326531303461303037346638303066346536643130
63326338343939613533663938353631333438626233346631323365313863396564343530653730
62353164326231316233656436353138343631323461393935353631656365613463306561336133
62323739663230636436383261366537313233386665663337616662373537373666643561393861
65633337346633353635616631306238373161613036323966386234303837373038663637393062
32373135626137653461653536666265633834613164306664396535663263643232616331353835
35616635613136643537633738306464653836353366313136623362336564323137623865356438
64343735383139656262623234386565653739386633396435623735663538333338636439333836
35343862373762643634353134643930653463666636396233346539323635303763313531353264
39396231366665636135363266626134616239653235623539653266656463376164373065393530
31386136383536346436636666343131653632313430363231643537343932356266616630336338
66323338393032323131316132656634303330306535336236343963633465346133623531323139
33363336653237373730326330613362316336633366356633303034613365623538616139633264
36623163363530346330626461613835666434653439363236326266343030396164383963666133
30376236383439386466303739636531613038363439393533303030623161356331643066313864
37326432396136663738643335363366666266643430643963353662646238373630313439313030
63663363346536613636663130333735373735366165653465393639323232656564313934396562
35386632643330613432653466666639376632373538303064333030386164353663356636333166
36343033303731663830633662633363383261393830363861336535613633646565363030326662
37666135393836646635363163636266633038626561616235616531613939623831373332393338
38623961333334303939363935646330373565336134666337363834613265363365343138343632
61376538663637316661633963343034646235333964626137303839323131373132643762303561
36346561656635323063643533613830626162646266303035336435303731373866323138626366
32336562343436383261643931653663373661336565303737363363643661323861636635396266
31663932326438386161373862633663353265306531353437303933616238653933346530336438
38346334396566313466626237313165366133363733623961613831623366313334383036623930
64353561356361383262663038373364663162653563343930366665326133393038353038383633
39613731336330306462303039303239333164303264363865326564343562653661346462326665
31303737663535326362613530316361616165623261393135396330623661336430396134623630
34613061303761663465636262353866343664363637623232353935363264376635333364353434
32353837373635666335393932343338643936366639616530323934396661323762616234393666
64633930316434303764323266353663623634323461393535353166303262303330333038373034
32353332333264646566386363306137613037336135663934393066616238336466623765393761
34326163313137656136663065396163346166343463303161643337666234376562323536393262
63323863623836343330316666393661616563313262343865343462333966633562326266343031
64303139346430623233383834616133623337666465356235313366343162326462653431653335
32613134626632316333663231353835653031613563613262333733306161323433363262343565
38363939353032333336653965666633316631653765356365663432313739663433373061306630
63323230383665386564643336633239313230306634306636326639323462333231343538323832
36653631353538393266326434656266386232376139346632323036653539326164326135613636
33386335626639613632623034633938383062643564636264343333396232666334613465316338
38383830373861623161636137383638616330633764623336353262653033636163666632643962
66636332656238623735656333373736636232346634353839323363386235383631336366396534
62323338313365333863653030613630656530616236323335323830396362656166623663656530
66626135343635346230303137356536663465626362613332623962323937333633363463326264
34636334346461636235656233373165313430386633303165666165393665303339356462626662
32643834323832653932343566396631633032616530363161373765386164323430376432616262
61336562646238396430613035366332316365633632373866373138393835373561323434303337
36653033313563353264663231363035663462613331653261316631353639303333336261653631
32303136636237663031316363366166646335323364663762623866643361363866653831383363
62313965323231636131373031396533373166393161653038343631656133623262323962383236
37386161633766313236386432356234623137333633343533346366393265393764663935666262
64353830636262393730613134323339663934303136663131376462373037326561333065666363
37613039336166393231613035306161373966366631663233383062663836663435303361326661
62303536613436306234313462386535306162666162663931363535363032393164396262373963
37663666663138323032353830623737613738633864326562616137633066663132356136366265
65316630323932613761316639346332326537353137653039383435383064373530633733336231
35356563383937653262316439633563373635383765663136616464313732356132663135363161
31636336653861643634373035663934343139336537613332343333343630373333666435376666
65393961313533663630663663366333636639626336643933643466363166376132333731613162
37613163393433356437333837653965663833393165346265613733366539613330376362636337
65373236383238323962623564633137373237626639656236623263363935333938343836333561
39663531633733303763623733336163353631333065396334356163636131343030653932316233
62303664386338356565613766386138636565306437366138623737373733383838616165636131
38366661646166353536643965343530383533653366393430666435646361626138623765363935
37663730313035353964626231376336366236316239316664653166663731616466353465656337
31666336336330336330663831663537316635613536326665356636316632633963383064376433
35353033363466393331313638666639336132316334373661633162616566616636636533306163
64363636633666306664363361636338663539623436616239653930396332343637656164383266
37623162623564656639623637303537643836363739386434373634346465396537383036343239
64386633363665393730313661323333336633376237306234393039336338373465363365346435
66386431373430643038623533653631643737653162396562383161646430626663653630343564
31366263313235383237383334623639333038393261396263666536646265333434633337366165
34656463306232303933616538623666653932356161393038306339323835633337616234613838
61616132366137343065323965643261613233393639393762396665396636393631616137353339
33653739373334353661646165653030373935653166653432666562656536643532336232643833
31613433396131333235656433373237396666396561303037363737396230303635326338333032
32336565323063653335316332653434663862346563666432616663393166653839303533323265
64356265613438623132663432323162623830313061343862323436333338653230663039316430
32363039616661353966393432393339306365363935386462646535393834303035643437386564
32633361316331303163653566663737323365373733313161663966643331383136366163333361
37393637396537623062336438393030383261646232636232373932333432366563376262626534
66383634376261643631623334376164383763636333663966366464643734663131626236613632
38396630643361633730313461653639343839356637323639663638303065626137633765633563
35633062316138383066343663393232663265616636363133636336366336623137393264326665
38643965613966353465633237303836353463623631656239303136633130643938346535616539
32386261623639313237313465333931386230613562663365316131386365653364643864383262
32613234343663636164666634306531653337613935373761326535363864303962636130626238
38396464363164306362353663333838643166303362363462393733363034393864623130656366
63326465663763653131666236313062656266376130663330323564336436383663663931386433
39336438633463323264616639353039326139313763363838343765616266633066643131663036
63353138326233626163343838383634343531316464326637323534373034633134306632376461
66646132376466323439316231666334626435633539376134643565333164383538666661636230
30333930356534333835363461663135343765313462363336666136623738666265643564626635
32373633616634643064303831643437376431383365316432636633313264363930313066393832
33393132323832616131343439636337343937366235623833343562323732323461333862343638
30393963393935373061346264623935326332346166333535396637303334663334633137623164
62613038313866373764663236613532626564313835616366316132323534323830626337313766
37623566353136623266383632376534313634636131646232623364366235353839653132363830
63376662306431343636346239343164626230306633393966626264363237323439323863343533
34633935633161643566316566306462343931363066623364326235376636326562623439353938
63666536663434656536613834303365636634303735303432633939616239346161326636633332
36333562343631373734373535383362306636656266323365346133323963356563336564666261
66366332303063643761343031633730613562396364386164396664663530636266653939313037
34313161363538363038303033626137373039316666303964396131393464623163313336363535
35373533313231356133373532653639356231656639333339343962316438323238633039656365
64303638643235333164356165633732646138653434326131346637333633336133613562653530
35346163376665343734343162653364333965363336306635623666643435316563323930393761
62386339396164663562316461366234656539616464636333643234623462323538363535383232
33633330643765623933643436633565646661303161646133313265663634303035626130663766
36636434366138373530643931386631343739626638303231656237323835363630393235326639
30626331393230316465306662663332646333633461366230636138376332373038646264616130
66333033343533653833623431636633326565343530626238646630393766343434373532336561
33643031643238313665346238643932386534313562623436303637303362363532616237666230
63656335343130613734663036613138626333313732633335376635656264373133376261656636
65336332643730633232386137323362616433633764343465323365323265333333306163653439
39326436363338623234616237653136656366373732306461386233356665343035333634323837
62613365636133333138656530663630643337383065316362613062383561663835326634303036
62653432643366373833383165396364366364656530633661386235363362646664356130613134
33636264633139373731313864663232306132303539373834623030616462326562646163336465
66643830363762653133343066393065633937373631613634306338303964653438323534626366
62656534643264373366356635303030366233313034653938363336656666623736333533323235
38623034393234613661633139646436623137316434663233313731376365363730346430633966
30306237363639653465643636613030633763323831343039393631313861343337633966633131
38653435393866643431393538373563656164316234353633363865623433383834373066353534
33306163623931363836373331393337343064383538623638376133333835666161323135396234
39633564373464613463306464313166663235313138383962613830393262623366393533653736
37323537653736633039633034616136326638336339366465333139326132653238656262613330
31383135343130383262656365613166336335613830323734333932383461663431383737336635
31333463396230626433363730356664383738386263343765313136613934303538636531353338
62323639643235613338326232383135383038653431356635633831393465373436383162386132
62376331393030623832653038313939333434643465346636336631373230656238663765373238
38316139303436616239323563373863363136353935336137663163633431653561356530626334
61306464393764383432386265316236313665356166376530343461626239613937313464383932
38306339316265343164626432646262333636343639653134373634393361366166346239376365
65353938353166306232363765326633376266363461613230316166326466376164626666313739
31376262666462313238616534386464643561623031313237356636383366303963316161373434
65343236323335653862386139653030356533383861626661663461663031303837343566393463
39643437343932323338363562643934666538653561643261396136343530373835643433313563
62393862623235646531303039356136373864386430373763633131646538643163326438383465
34353633323532633636663030613466626439643732636161626130323733663762653462343463
65366533646563386630376533636235396666636366316431313233653363663237623065316439
36396666653533653362653537393434613130373630613064633737623263373064626664633662
64333236343033393930336130383834366136623531626365343064373839663534633635336439
39643364366665623832383134383931376330663137393866313362303233633464373238356232
34356130613165366631613832376261393730383632666561623938363636343231333537393830
61346630366536303662323037373562633336623335383035366334656363636235373134333862
32306230356263373239383537313735383736306134366534383531643265396637323830626165
63323439613530663533376565316234663135666366306330353961363430393966643362313331
65643033666231353165336531306462373532356266336563636632303363376230373564373932
66323830623766636532396330356639333466376164383266653432323364323637326238313238
64346535313539316631656366376234383836653436346439316537313665663635646239653239
63353036303035613237613962626566396366626132663036626163396266633833636234353765
31663337346330646531653934393738656437353831363438343636343362303430
