$ANSIBLE_VAULT;1.1;AES256
35323062336133346134653838383235386361633961366436633335343531646532386530366234
6330646432626434393239373339356237663637373861320a316362633634396566613064343139
61656135373362333639623163393133333533663932623439353062646631626161343437616438
3331343237643463640a303330366463636565633433633264373839383436663732356637376430
32313532396137363835383036396162353735313761656230353838386232643232616435376534
33663562386663643830653362656133623563303063653662356563613334653130353939353232
66633736343232316139663666336164626666353234613830366464343731366431393063366132
34343865393732643533356435363436633036643130653736393639376665333365366461303566
30643735623533333266623763623163386563636666396131386561393039613063353332656561
37393638326462323636383832643165386366353339616234643434313563313033623131316636
64333232636636336263333931373632333134636661396561653165343038343037303533333536
38313066633337626264373734323564626137336432303165316266383564653934663063636238
35383063366365643661366466656663633936363331663730353533333538633638393133623237
61633733316663343531326463323363323136656433616137326165613637613034646336663237
37313565346138373039613539303138623433376637646463633761643632326162666634313430
65366230336135626261613863623836643961313437363861643766663465656565306633616432
33393830616562356634636632303436383438316561623665336461346639626638323163626438
62636561663636653631393938646434303538663333623038353036323562383333633366376632
32353639383733336532303032613065396466343632373365323938323231613438666365376630
65616636313338323833353530316130663233646564373165386636646665623137653661313937
31303335616335366638663132613837656632653461656265373632373937623035373330356137
38336435323663333530643262613032623031363361626337383131326662343963633134376162
30636232346666376536396161373332303066646131313635353466366238613835326530396664
32343039393036343164383539363761306434386338363831386266393531663264373139343165
61323762343430353565313462396330353366633530313936383137326337343131353730643131
62633865663063383562373764663565303331363238386630643836616461366431303632356237
65353462316133643163396166383033643839666564313538636561643834626634353739643961
33643764303663323832623533343062363239383337353464353230663530386230396235363464
31646361353438366132363661656466313639623962366331656237616663613535353137623065
37303032373161373262666465336231333837326130383765376230623433376438383333363563
65666232316130646237653266616139383336303033613664343866333932363434303238623062
66386463356338623539343430643936373634646335366166363434363866623066303833303937
32653733306237353062363830643034313936656433633037353238373932316536323862303461
34346566366665313061386434653964333536346661336666396632333937373363323834383535
37303235386630623335663737623864383837626631613331643861663031656562396363323133
36636364643139643939343637373562376331643636366336626339636362646138396363303830
66323037646532316366643735393137373663623663346662353336326233333061633464646130
65363530326463316562623733623337653334363862636631316563303662336334613332306538
36666330643165323966623436303131663739393761373564383165656338373831313434343032
65363066653639306437303433383561336133313339316433623934653962663236653062306365
33663433373231653338626433363036343664396463376464623531626165636366343535663763
30373831393139646637346333376438353266356366376539633563663336653165333639343530
37323830336463313965343637346664643439666531393061336531353633663032663336303738
32393732323033666530633238636538373533333130306132323531623139373362636131353061
63663438643762633761346137343034313963316566356161306463653633376133366330323637
64343139653266383737636530306532353434383361376131666632383230373635613130616434
65613133303061383630343437633063616539303435306263386230636537303832616363626636
66313966353736303738623436663233663162333032646638356165646533626437646465386238
62363562323737626661366362346363373165386332316239396432333263343562326433663535
36336431363635333339656437353031646233386433346335323033346161376665613635623731
35303036613439626266623737646538623962623962616465393236396638616561366264656535
64393032353062336636656162366138333061353332353936336230383231663937386532313865
30666237613863333765613761326563663563306332633334376261623538663861313933626235
38343835323737636630646235643137666338663230393434333463613937313766336639313063
38643562343434613333663139386564643038303532626432643665643239653339383762303634
37653965636332643262656261633534616465343965356464623033643164383961613036316131
62353239646264646465363136306235663036623162623361383433346531363036383061663937
38353832666635346530626564393234396138393864613532346366653935376164656530633762
38326138333761323533306464383563376432393762653034336134633239643864633238376361
35653836623065663838663135316662633935316130623935373562346638653333666131623934
31653033333037626439613764383338396534393936373636626333663834626131366166623634
61663235623137363235326665666262336464346333616565343764373337363530386334633139
37363265306439383365323865363037376635333234616534633631323763333165326664356262
34626630653566396631313833653032613662363537363830653966303038663833353934373233
66656135363566333830623537633566306234353165386136626166346361373436313335396465
36386132613835623365613031383262626234353061333466356266306231353166323937326130
35623339616566333831336565343236633866643432313464303766633961623435613065316162
32643434313064376165343464333737653734373833396262653735313264313336303561323436
36386334393561626335636565636562363836346431393738643336303533623464653663393964
64623864303932313831653031343538336239636562303765313939303464363537336633366238
66376564616564313234666431663366363839333636383665663966663165646663663734353761
34333262383031636537363762663961646337396366616631643831356137616133623333656264
30306166636664366535396564363237333734636533653932383063306565376462376538653233
65326230626565623438393335363761383537383734623834666233623336303665623333346130
61643837616130613036376235353839643532306531356265376435376333633139323763373932
31346337333665653764343462343931363131316466613364666463313631666363333665616437
36663463643030333638643834383362643835303139653934626463633163643330343433303839
63636662623364383465383731633838393232626232616634633964316530643234626135323464
32336237623766396139653465396131313934383836393466353234366263396639393066336338
65663138613463373037613033336265313961623965643062656232653330316361623738343863
39383639613039356265653933333365626263666363383733613037366538373134343030323838
62363633306630316238326231316335396334643739656265323234643633363830383363646136
37353834353130343338663836303132356630616263633137383263396465393766386361366562
65303435626533643665656264666335653931376230653830396263363434623932653930356235
63663863636437346235336232666337626366346165626533373830656639653734356363626463
64326435366665626232626263323331653532376366303865636638333664666563653538616636
31376638323564353166646366303132633733613363353764333264303361376562633936616264
63303264653937393238653337623565643134373131633336333765663538613866643339623862
61366165353530313666643732313463396463633739653332666166383934386636663731633138
66393966613661373436663535346332373561376333373539353236656430623835393637316432
66313034373134616362613065303734653732396634373935326533396634333331643663336437
36643762633835633138393237323964666664633133313731653634623138333039663436623838
31656661353034333439323536613439653361366265333236326437323630646565316537383936
38643933353239323939313733333131666366656230653238343661383638363464613164386130
38633164313563323233306164633262323839663533323963356261633632386337393937326537
65663132646636626639313631383335363934666565303239326665613261616238636661393565
30316536376463633365303464616663623637633932663133613465376262353635356639663361
32626634343665616535643333623436336635636238383136623630623038306665653861633831
61393339626532396337326635376565356662633230613739613731326439613566356630306362
38646538356336643637336132333465613937656363366265326538656231363262323966383861
35363430626563646466303966303331303263666236393431356266643931666431626266613837
62353863646537303735323030626334353632666535333933646233303735633266323438636161
62643335353761376633636661326137653736366432643933363632616332316161393431313537
62666533396236633435373131666530323363376539633638306665393464633032376664633666
30393135313833313339616434313335613136363130306364616363323338326264636563653331
65343032333562376633653066643231356263336234383232303236633431666633383761346139
37646163666432633135646661653231336166636261346539326231333163316566646162643762
62363466626666363933316663363062336161393361393663666463316431643631313333303261
39623534373362323831373363383835303939333364333361623639643437653163653163613965
35346661646334323339353862626531363934653633623366353365333761373232366266353562
35633535643263646532363530353233383833313262376630303334626263336166366235386236
35366534643633663732346661366563633263633338353166663930313339373162386631333064
37643966666634393537303661343532663563313966626530363466313336313461306363373837
65393236396265623536653265653639336165626366643666373463623561653062303865373965
64313535333237343963383134393866616363396634313237383063636664323939356464666533
33643866306131663462303331393737623663626436306162653266613837653533316131356561
36663832646162373864346561666633383532363935326534663537656634663634353537653966
61623230316330636466306334303934616664323731643834313164636230623430326535323761
33666463653362643562306138333961333262393361316465313234626338333161373734646233
31316630316365643838623030346539393932303164636663616133663965346439376665313836
37663261326237616439363762393735626134323439316639326233636130653463373435613337
63356233323362336265346563346538663230643634363665666165316361653437356263646138
31323236336230613534633532636138633735343562313134353661376339643535356461623930
61353539656634666666363564346535363865393531313938366237363531336162626562313436
35633238653064353764643563316433656438633332386635356130333634366332313433613564
31616234316361386235663536643138623263373434623339656235393737323336323731633234
36656231303364643134383663666564353263656364306235633331386133363230376237316533
37623735396331636264323634323439336661323562376133343962366130636336666339666333
30353061356531386465646133643934626338316431636461653663653536616562653836373566
36396466376534326331633936656136353565613162636232653866653066386237333735656632
66386338623932353134393761643537303066636639356636646266363535643837643761313334
39666437633764316165303262366133393833343462346339633033633233666563623237663734
39313461653762633839616666333738633034386664373862653363326130376534396462616638
62613464313038626335323262623239353233393361336663663939613064643130663531386131
32386533663630653339376430313935363738363230613061656239653065303537386233633136
37323630663938643363663965383236656236366632383262613761663961313066373835303433
66376432333532303361646566313538303632323564323439613630653331633466663638373166
31316537653566376463303338656461633232633962633632613138653234356534316533323337
38376333633765343630356530666466653036383730326135633336623435306130386433616235
33313038623031653230386439303138313536656364376231616662313230313262653764643062
63336161363064666534393432613933653139646439316638643635623737343036636139346130
30376261656537306536346264333134353435363436326135303961396237373862336236343661
62616336646538613433303932386363373534386466313635303933653366323566636235643634
64333164313032633536323463383166343235626138373065353834303261333361386130656530
62366364376232656339313430396433626233383834643538316237313163613133373335663637
35653165383432313531353661383264333863333737666635373833393437633065326666306133
36306534396565386466643730353166313733646433383238383232653733613534313731363735
63356263346332393262383639666636363933333137636166303431313565326437343366393234
33363430373865623333343531333933616566636234383862653566343132646338343130373630
36326139373861626563336464363666373764616332663938346463343739613230373566323761
34623365343138393139376530663266366464333231306231666665396231636162633631646538
39386330306537633862316138656230396230653163393332316662613833663835636234373136
39613661313463663662333664366133383034613962643763383661316261346263376433376539
30613731373061333038356562646332353164323335363935343964383137623961653661316266
37306537386639656261306164376430613835336163356262336566326435303230643436303039
64306632623035373337356361303733306633646532363135626630346430373165613765353461
37366433323464313136393033343237323839393738313938653865633061653734613538316361
33393738663562376530343931313530616264336538363537666635616231366135363934393437
35363336306639626363633137616639643462356463313237626634353661343036616563613463
61376336323933323462386330376664306338396439653631323564613534303837356435396439
66326331303163323638326632626235643964356239663961623761383164623965346266373361
64393833343362653631356537393330663161643439353837306264656563356665326235386231
33356666333233326332316231353139633238613863373164326333326262316265356536343632
36356561616537383765396430643164396535623730313335636462313237376263613766656264
31313063653561326236613336353363303766326333326662376165363033653832343433373264
38393564353535613933393034323432356630386262343737626236643139303934393366316331
33326439366533616232613962353366323135656431396366333032666438386666343363623865
64363261363564636262326533353334303961346337636463323039393161343061653739306264
36643738613766323036326430313736353663373562626661623530333134313637363330373839
65656532363537646361623566633534356233363839643431626664633738636238343561386432
38373564313664616366333936393739633130323434393561396230613037663233343064653964
36376633303932393537643136623965386335393535353964643766363236386534376136303836
63633064393738363261653064613263313061643533636636326237663833366234323835666539
64306136393361376134626430623239353561333437353061366432343764316338383063373333
32616433613862343636633866393866613036383234326665633534613262386666616666383338
65646438316331396361383462663366383031356539343364363431393230613436373461326265
37646438366164626430353961613132373738393861366239303137343666306235353231396364
37663466666261643337393832653063383066636533643139656434633739333334616333336132
64613830346131663433346536613330613431656630336564366662623433333735646466366338
30626438346433396130643532333438646337636439303032613631393334313431663634353430
66353035393130616362376134303531643966366433313036303639313631633362366461356635
36376634343664333434626234656237663664306231343366626166333962646131373833646332
36643430623539613666323633326530363233643631353031376164363536633533613737313837
30343961666465613137653431613462623539383833346639393034383134636565323933306166
33666539386639623237653238643438663834613334643264636265363935383531356133626230
33323865356434353137626539353863333761623032356461646130666236616238613733653431
62353639623264386466376439313830653738306262306233623465666438323931363033636639
30613934623738343333333534373363343061373836386431303364643730373637343133306232
33663765626664656165316430383064353433366338386331383632363932333837623161326366
39326335613130313038633736303463613361646439663138303032643062356661666132336334
63343430663538616630663434366632613938396235363130616339353863626438313532353563
38306432356162393734373062623631316663663739393236616466376132363131306365353762
33383632346332623639326633623832396132353166323263356133623935323230643934333564
31653036643235613139316533653765663638613532633637653534323233326335313335643662
36643562326466326234656135363932356633323333623361666135646538323538313838323535
37636335376564613532643636366433663836633136356138303330653836636133623963386131
34643737313862313065356566303033646661633131633830353039613134666436613762643836
37663932386434616239623932373936396163313262666634613365333431343237316661653466
66643064306664643361623433393831633333326563396330393136333863306237656135663366
32336335613436333064326133353332336666373738366333393532333764616338313035333163
32373938663434323732346338316433353538373462633561326132643730363466383134623038
36616431653362653465373537373063366664323739653361333665643661623964643630306533
30303837333632663834626566373662373531343533396531313836386165653464643833623862
66346537353066363633316630356466323764656266393465323737396531363761326664636665
32633433633361373831343534326633393239366161363038623533373635306334343933656332
33383132393032366463373635343232373163303332646334653338316231613862373266626530
39316334383637386539336536626266613661626462386539383239663130633861333231623263
65373266333262353964343332316434313166313262336434656561353438623539613837363334
38343237333265383636353933323066623133383865363535323938396465396637323535336666
61613437393634643333316434313939643163633762353364656635663432356465626131666637
62613630623264343364336161633264363763653062373964643266333639383235396336343965
39623039613437386164383438313861343362386630343137646631363963386630636366363539
37303836616431656262356465663437646161353732313666353837333633323034333163613565
39396363306432663434396532616362666539383866363630656266393838383630306230353765
63383464666530356339323566393436653631343766353135303834323664643861653566386131
38376633383337386231616537653862366238313737326465633432626261346432613037343963
33333832333337643130373962363364333462613134616232396362623464326538
