$ANSIBLE_VAULT;1.1;AES256
32646436616630366338373732613761383637373937373966623435666336656439313735666231
6437343336633266623364303862623134343937313166360a623036613738616164303165656161
62313163343033316463336638343031663261653365373061663331633234393862386136323234
6137353630643931620a663035393063623835616433643466303439653966326639313066393738
34376434633336663839346362646639616131363264393865613463663761383136313138343835
38373563613765383330623035663965636531326464333639393030356639386434623639323463
62383862303639376233303830333364656366353864306365386233653864356563306136306434
30373164323330356364303164383730356630373337343138326633333331646562353533646134
65363034363436326361323664346137376639306261306637616337623266363435613531613335
65333766313239316663306330353032313238623636656365336462336430346235376662646666
33343130363861636364626135303165643561663563663865623434376164356330393537613766
35333337303537666133626537646638363766323066656338356636623765393630333031623831
36396432373561333630323637336366383533663535363666663636386463643363623362306634
64376339316631343338303039643165663631613632303063666565613765346633326139353038
30653332646236663062373763386661343666643233303438373663623832626162363863373137
35623962303733656262383062323262393862666239306633306161363631666661356332333561
65323865346161373630333739646361303362346261383963343632373337616165323230333764
31326364306264326239366233636164393439633136626138636662643065656632643630363734
63323336323239623062363137383937313166323066376237396164366636373231333032326437
61666336316638613035366136313631666266366466643664303430336430316562636330656233
66376135373762393730303965373636643737386531303663393336626236613134373537303533
61666362343034336538666332333037633164633931303836653037383030363739353832303535
31383266313933613032663736343262353066616634306333356233333162663539343831663939
66383436623635356433373363336237366665636263396432626164333764396565353566323531
30663165363832626331376233303264643636383664326236303636326139646532623565356165
61323037636435653365636437643561613631616638306263336161373566653062343962383737
65313461383930366232353430336131613735653062313262623933623331353837363836636430
36336635653666313131663537343731616434663966323836626432306539396536663962343263
32656539653162353565316637346538616436333062316438386662386134633637616233626631
38343138303439313635313539653261383832333164313136363166373937376335626565303635
65373662373232343439396532396163323239346139633930353764656562333931636266336630
36656330303862363061323661386132643231383439626334663961613031373161313065343034
62613831386166613335626136336265663130336130306436623837623330636535633663343334
63623465666466653966323032393864353632383431306161333733376264366436646433643634
32613836643365626335613166666533636439333637626230376165366131326233313634643538
33353832376266363663613634623932366133663539656230323236356231383961396437383862
32313164356365663035333962646635363061316465336237376564333935376531616530663638
38393032393039643538373062643263323766663531366537353066353934303639623866393233
37643731623837336235623436653563633439633932373139656437333966653565393335333236
36653137343865636463316233643534386336666432333232663066376433653764396461663066
31396461383664356239656264653165616237653130383438383933633931393763623138303433
38363936363330353035396333376639373961356232663032343564663264316162303933653361
62616333336138303532363436396338643062386434363032663832366330626562383562346563
32393431623133663133313138346239656633363161613333636266656361656531336337373934
61663135363931366137366130396331396333636264613334653730376239353664643038646364
61333062653035343335626664666534336638326433636431313138386431353735616163666465
61646264376663643965333063396637386431336463336561313633326164373762633335626138
65353061663936336432313665663039643633333733306264396435646434633366316464653132
33613533613836336633333962306536653134636465326664613439643633366337313661346436
64626438313861303564643164626430323934306265313566666534623632643135323737303132
35356465663439356361333339666664323135383735313336386366323230626534366339323931
31646136336534646638326532656632326261323464313566636539343030613566303465376565
65313562633333376564666437363532616236356466363064313765653230303864396633613931
34303463353864313565336132333131666561323330663637626239326134306165343934383736
30366238333533333666313332343166666131316339363966633539643333306265326333343736
36663363363165393439363538396236313937343233353364383561646230386632396330373062
66353439643835616133393035653261316263383866643435396436336363326264633063346462
31376464393638383238383434666562393938363764373238393033323265343837313463653433
65613734393963373461313065373137303939353066336563626138393032393331303166353762
30373839336461343866373636363365613562346336333634323439633163616466313066636434
34623133333961346265653739383130376662393631306331333236373566326338616535646532
32303764653038623466316665643462303631616239366464656234373562383134396432323139
64633930373164336265333439313664343534383563643831313062376165643833653530663933
39613335633034653132653031396365333765613531333535363966303938363735343737656635
30646461653936323266653738323864383932646466353130653536346337383765613239393136
35303131363731313334353239323435313337623533653263313965393135366132313734353438
61303037663831653666373731616334303265366538393034343437363837633462653864356466
65623632313338386139616133396536626565626330323532626331623334633235363436613530
64323137643866356163636238326239343235313431636638356138366133303264613230613836
63353132386335316665636364366236643132383765653732626532633231303434393837353565
37366637323161396561396336653332613136366461613533353934656636383738336261326464
66373236323034393030393965366561346337616562383335306332363035336461336631616537
62306335316538303963666634663334613261393735633164613337343665366138326533383162
61333837336565643964373237366134336366396366623836336262366562323364633431313063
37313833343234613937316261623365623336613465306137306637343961353530656330363733
33373238303564366261306130376337393361306335326463623037346662376432636265356632
63373730373966356530396138316463663665346164313533306462373164316162333465643864
38373664643466326237626534646164303337646635316565333838303966626161656533346633
37653635373434366335333737326638383138303064343230366638313530633664633137636237
33343363303833633065393163626135623165663431636364623066353738363334333063333765
62663730333765663934396434663262653432643131323835663562393265643130326535386639
37613831303963363161356332326362376130633037633232633666626435633734323666313131
64666164303861663039393333356439313865323035376230353063363961613939623862396630
65663930336333636134333734613830616266633136333938396461636239636132353131306361
64336235633731366238383130333766303637613939303265636663346265313362633366363539
39366566613337373039653134393663383565646430363933333230363537633261643762666638
34646138646363633861653264653265363265366635353439363366646239373439643765346630
64353036623330303064363664373636373962323563353633383236663163376332633562646631
30616133326637666432663761616639393362363461306534316264393132326434313938366436
33353031666637353533643534363030326264383135623731316638353132633936316436663266
37323035666438643763623533383561343366646265363334323464376635376662376336623938
38626164643835306230376266373837383963613265623235373834306531613336393361363639
34366230656264383734356135363966636561356539343666326161383839643730366661333136
33653637323039336266376239663232346263623932616533646137386437636630663965626333
31663239656136393631383632666233393964373732336263633331653131383938343034613936
61343934313361643338373166353339383366636163363230353534343638386331343935653135
35303266373439626232386166666561623661373739353763306665306338636234646339663566
37333738303561353662653565626232336339643464373066323639396636393134313732326665
33386364393234306365666262353566386630386632656237326538633337613730656533323239
37343162343137376435356532383964666366396435643937626639363166656265373731343665
37356662333232356434316534306565386437656162313364303939663365633733633135613135
38346631393361313734643336616365306333366538616539613937373761346331313530633736
30316532383638303237386330393339656337346431366638386439323533343865616163393435
66336464333264636533326533633233366264336265333836346436613966373365653531336333
37373433316232643962393435616334663662623933343334646132316631656535653238373730
64336237333666373636623166613031343838373335323135373836373032306137316232376563
64316165643030373733633064613765643935643765373132353531643835343963306536316461
35343430663062356664643864633061653165643466343338353966386338373937656239383838
39363334623865316535353130343062326164636432363036616336613839373161363630303030
30396531613539356530313838316366363632613538663264356361326162383039303561303530
37626434643366623238373639643661366231373434393966666235613435353231316135656263
63343437393430636266393063346534326535396131343233323137383034353835616262666330
32383764656666333734376265336239643164316662396638663530663832303530656163633338
37626365626461353364373930363630323963373133656139613439623130636264353839383663
36623235373235643235643663613630376233356562353863633033306438383134363934613264
35396331383639316334636563396261306262636161623234393934363438653966663565353463
66366330366634306262356232633066636666623736663032663831393639303432626435313462
35613731316638633565653662306461393761346438306164653330636461393630663931656632
33383039373332363737333762396563396132353933636461326563323436383665326135343039
35316530373365383863356164666438613738383034326131366139313161316339326464633435
38643661373762353733646361643934656230366162653735386433313866636433633634373466
30633934633866613866326263633638636662376339653430306636303964613165376338636335
36303262363031303533626532353063616332343431353064623836623035643132313733663333
38336132356235396532333434643637656432393766616362333163393764636661633437353233
37616662613438316438613038643432326432363466336232393864633230353530383963303738
34623338616165383338303861356239306236346162356130366130336263313066663330343330
61653234346138396662353032633339386135613764323930613764636438363036636437393439
66643937653665363566363862306131363338323630666336613836633264636533363538383962
65386334383561356339313839663965323739333038376366633939613862663934326338666635
39386564613134383934343330623434636138393631663465363638613538393834646439356361
30633037323035616265623561633037383765633935353439656232333630623865663066373437
37383436653239316239346564633061663137313164356633336634313266666639623261346630
32666538393932613763653736633135363437623032356531666363653137616438373630613232
65386237323637396562633630616636363235383036623835356436313564373435336162646534
32353234373232393366376135306534346666373637623932373864323661616133656265326465
66313039363539636630393964646133323434303639343465653966386663623038343065626631
33633833363463666131643662313234326237353737623333306334326664303766316434616364
34326363613163326264623563323161643034623233383238626434663038353232373433623435
37383334623633336462653831633636393337623133663761623432323833633232643965363866
33656537383235633163623139326663326534313061653836336635316638396632653861616366
30336166323063633236666337616230306366633633323537633763373436336263316331323164
30313762313665346463653362666632323439353337303363363466613365313732376432306562
61316230393234393130313761633763653862663530646361356132346336396237393338386330
35633831353362363238666230373366653366663734393133623166633331353364663139666533
63396166376561396463626436626465653233333638613864653562616333666130653833643432
34623962383366653363386661393831613232346632323139656238633363643434663461656333
30373930373138653365326462313665633335336132626431396538346531313561663431643431
30313263313066366562373365366636313665643439396131376539666439333865613438316662
30656532303738643436366237346532303939653736333034636432626461633337373731633362
31646262623161613831346333623535623931386536366239666366663039366661336536653233
35376265653230613238623561356637303638333338623735383664636535343831313663643232
66626133373938396236306237663439633239386162393161383832613361636530333630303563
36613961333537653533623832653862666364373738636362623036616133383364633736356530
62303137386263663762313530306663626430303539303665383038366364646536373738613433
31383962633135356532633362626336303661353162616631663737653566306565653635653837
61376264366362363635313062616332366431663064633261623565316535333130313132633739
30343666666365326566303131646138666263306265383937343439623661316236393965613735
31393363616634316235316462616237656462303962313036343066636566393036376536656535
62663065323331613235396436333935666664633430373835343936393930323133656632653134
32666166333535363531313931376538626236346462363031653139373734313933356164303761
61363863303162343864643563353739383237363839646363646165663463386636346133343163
32343731623864323039313035616337393131303534386534376236613764363034376264313738
37626238613539353232613166633630393337386637623663636264313739646465626430643963
64386563393233383065313233666530343430373463333136363365383731666561363530633330
31666130366235393335613264383636376538353639303933303836373030313963303164376231
34303333623365363232386634643630653939393262663066653537643565613165663234343162
64373364643730343037323930336631336162316130306630643937316262666539653932643261
33613532336639656138393439623839333661626564393531336638656232333335316133393633
62346638323633363034666665636538373035373538663236376564663638613065383961303030
64373534663833366135383464306363653066643533326464643835366230336231646465343832
33326436633032373030363231663963303064646365393632326135633231623738373233646561
64346338633736313261633131393664363533643239323130356232323635333061383564633138
65323335653439656536633731326231306361343634663434343961373066623330373230316435
37623462623864643663633031346262316132653132613130623562386466353263633361353139
31653634373065663439383735313362646235323231383763326466643061323737613564366562
37626235333338353062333634363938316534373134633934333636626530303861316362663536
61393466313530396266343963633731636435353166336435383965636336323832306133626562
65653062326162303935373963373637643639653931613264303838373164363530316638666433
64356366613631616362636531373263663937383938333165316339396461663034333334306537
66366164623563336666636436653035343734356430353839353034663034303535363830656235
65666130316562383463633962343864313865616132303431373461663864636666303963303932
33373030356665333339323830383132356261303936336566306231626262373230323330663161
65663130333038633264373033326236333864646535613037356162623939643335353338663863
39376438613233313963376238376335613536656264326634326630663435363364616434336462
34653231663465643438356431663631396432373562313132326130653664313639313363383665
64373233363861346465393865333231353235366639656538373063366564303131333137633935
30336661343738363061373731663435343533616636396564396636346339373039653735633038
65656132393364623333353933336135326531653333383961663432386335663037646233396436
37366336303432356334653463333161653332616134366236623863303966633839336266346134
31613735366462353039646231623561613434303263326638666230386565633632376661363531
62363363383030323665396233373535656338376336646463353534616234623462633364393138
32343763623762356534363038383566356630316139303237663363616664656238376436656162
33626132636665373361633165666361613634313031653665656365333633626665633766333638
30373037306564646134303163656332636632396132303663386135306530303165323530646236
35616333646636306130366631636534633362313933373730366263663361323262376238363837
33366266326638343132356535313563663739613963363161353538363339356434663331343234
61336462653261303439393233303330346164326536343864303463323035326535646362646361
62643136663538353136613535326236393364636433353733626138323963633833306134643463
30653931306431663233623165646531356535396536316437643863613362626232313230356335
36376663373530393931616161386132376632633933333633343865633234623733643765306338
38376365373936323631303230366338623437373766613961383938343662663032633466353432
31336437643735316539333737396630343536303037623438313830343737653135383863643332
37346236656434363961636339633430616434613433333339306234366436663266336365353432
63386662643362393962633064343531633936303739633632643361643464383036396438343836
30336663326638393332393766386665333636396435666335323335363231653436326365626632
38633363376266666438306163386330343361363361666466366331393461333734323563323933
33653263643662636335653734623030633732663930646232393061353131306566663435343630
63376430666334653737376331643439353234353164383734663034616139333366386238366636
30383562323863363738386138613231363130613063396330306338386137356466666263353036
35346231663836303762366433643237626562316361623865353839636535383438353738383061
37653163663836363632313839306238323134353762616439626134313766663830343131326435
61626433333466336463613839663964303732343031643939636233666430303435326639383566
61653261653633663066653734613334343533663335363630343864623339623665626461363431
31613963666230376130326634656662653531393461336263336638633139666535633533353362
66323163653432633036613939356365623631393535393038336565626438333766393136366364
32336266343532393333326639363430613939623836316133666530623963663934393333363932
37353230343261336234613238323132646162633837333434376134653933323030366534666133
3361303162306262656631623433656561396561323662616631
