$ANSIBLE_VAULT;1.1;AES256
32666439373933356264663836303961636566616163643961626632313436643136613139363263
3235303337373432363061656336663634356138663032300a373066633536393831376638396361
35633536613563326565663464653162663065353264326332333033396135363239623030376536
3566643735336263360a613930633236383562643130623663636430333565363238643131633164
64343035343333316363633831626635356334343435366430613232313638336362333764386631
65653936666238346337646561353732623830643734643130623163313233653539633863363032
34633438313330373864666263633264393063366165653232613864376136346166383638333333
38613830393338316238393438316233653332616434326237386364656661323666383339353563
39373764383838343338336364366232626535346632653534306365306537626365623463363631
37623265303635366139623837333033323037663331383561333363343731313033316439333032
61383735323538663335356230343230313731373534313437316534363331306665333731353939
63373432666436616236633161393938373835393164313136343330316237393032633837396538
35666531633935356630353435313239653263306230643337666164316466656636306466656136
63663534636431316332613966306566613736383633373564363936616231633239343361643861
64386630383266373037663934336338313162383239363162646132373134356537393565663634
61326664643039386436363238653534633562646662343331363865343633366530386632633136
32373435343533356531316637656232393265373637623562623835373531356163653835343562
31646631313432633266353633333030303363306432363938633362353566343837396537323939
39653362326434343834656262353731343435663064393161323539626135393633653231383334
66636538656536613738343966376264323030393032656364333261383433373438383964346237
61363437383066356330333330613065623130656461376566633731643032323334616439623937
63633833656339633064396262623534343038623036623431666265623438316461346438653034
30366461366565313330396262623965313966333434623735643535393064663332373638393261
32666233633334383839396639363234356136663237323165616432656139303337663435303462
61383830323535323632613461353031373735646337353933656237663631643830633765616362
61636133633733653632653437636137373166313338323032633736633833623762383734393134
63386137376534323636633834326234616535633761346463343138613434626564356335626339
37393762373166366137666132303039393331353736346434646163623566333635666262636233
62643435356362333935636162363662333832326136633262373431633534326136633066383634
33653561346436343634306233613930313262396465333031396439393539363735363734643264
36366333336161366437343837313634383231643331383232386630306232333361633637656230
34313636646432376566633762333939306530386432653334616633376563313833646162633763
61353832643461643166373031393061633237363531333731396230663435623835663632373036
38636138396231363364353637386139383632343463373934323539633135396364333137383939
34343631663161656538646533376532346334613139373231613936373531613261383665663464
36613465336632313236613135623366313065363161393434383637663632383431373964623634
36653966373736653138393466336263393034643039666165626566346432373562386165613662
66336163353132643532336364623432666536653532396336383732303934356239366134343330
37613938373431353838626634623166333664623632393865633634623233323464323165336462
38336133633164613434366462613565363361306330666330343938663638666162663265396633
30626231353233306135656137333537383963313435336365333265363561633964613765343561
61323566326262373134393061316536343565626365336334326332633665303538633031646437
65363138336561363634643031353131363638623733663662633138343838623335393164306539
66626237323834643138313137623133356233336437343733346234353132326630343063386566
66306139346163633664376261653333626338323338623366653939356539396562356530636664
34356263353631373330656233643864313039653636376236393938336439373637346232646435
33353137366565383932346435393665346461303631396361386262356639393966363935636635
36636430613563333935303564633163626666333965643237363535613332323437326665373735
62386531653066323866336231316163613566333236313131393366386465343331363464366332
63666565633835633137666362386264653030666139316631633133333935623637316233613034
64323130383966313137346138626562383330633263623631636231663530623134333831656133
61336135633532333932633136613666323033323363336163313331376531363361316262333462
33373839633836663435363265376637326630383462643135636661363162646136613938316366
66303664316233343438393765646132616539363266353364656361633663376439333835363933
38376366636134386231353165643736616463323039323938306130363339313330373832336231
61623630616139383236623362333938383961633438323038653130343435303232353564666338
33643839366465373930316563653731333230356139616165303064326432346339626139343937
35633433643266373961386263323835333537333034613938326432356663336532326265386363
66633034656264333561313235326465636439613263633264376132326535626637636437666134
38383432326130366438306637363061333633303335653032326262393062326638303765666264
65353636623231356135313561633866396339326133333063663032316630623130623261386565
39306264303836646235346235666433343430313463376534393961343966343661623562306532
36663637653133306636333930313561393131393933356533383138336661636265663931323830
64666233626335643935343164623437366438373136386439646230373230343462623361636436
36663130636163623465623865613630383765313434343365313138303865653761306131316235
66373734303934636434613366626166323662613362663131653061613535303139316432643063
62326436336434343462613931663631326636666631353733666537326636353631623734343339
30616635653364343331623064643266616536343663643835386666646262356631356462613038
30343565356236623564363033613435383533343364626533353135386535353461393665633237
30643239356461393931316232306363373961353330666639373135313539363137373339313964
36356634303566343834346538306639316666373664396333396366303937356661356439326261
66313864646135613564646336363431643431326163323038616465653232316630643033303365
64623639373434326263366162356464333362336266363131343837333233613266666663353964
65636463383262363237386235343739666234373266383465643231303262653336386266643930
32613365303338313831326166383961656531396439303932313236616137623937653636333666
32336664323932333939613330613832383833343933313836386132663261663931323236396339
37646534623262616137633862373163656636643462323137616335633736326630396534333862
64616334333861353262353336333636306532356161333065396630646636333262306533663534
37393936663131333838323537636130633835353866313432616532306138663236646562343532
33643666373764336562626137633135636235303336616262656230653562613064393134663262
36616564653034373666653730656439336230646330636531613139623065623533666663353865
34663963393164646561386631653433376433313331363131343037363532366462653634643038
35343665366266646664626665663036363432393035343131623833303362366631643331363462
65646333353561306663386331323134383062636533303364613735356435323866643234656366
35303837303339633432643562663535373131373832363939663366376335653064313964326533
32316166656662333438663737396530366138306435643465393939323364333763353365306133
32643363313735336563373263333932383132336536306465363364613663666264316535626338
39356633333963373132643036376361326234656664356138633065393164303137306663653831
36396539323230656538326630393730666235343261316561623461653935653662363833636462
39326131306431313033316264316232623635343164343662323730633865383264363462623237
65326161376336313636303931383533663562636530643861663632616530613237383737653536
34656562326639313132313865636636336166336166643231316130626662663332363836363434
39366362386461363537653538383630663337653233366534613638393137303636613064346530
38346139623538323665346439386334666433613966656333393565366362356565363735373630
33356562636134376531623639333432336536383134353736356362346662323564666561653239
38633939346364623630383861626434316463626230333363366566616638313564306366643061
30343736373635346165633832663530366131303463666335626562383235363430363865323561
66333837616665646364396334353731313736366662383234313666326362616466333231663235
32313830653133393239626132613163306630303234613639616530373931616666353763633832
62626364316136386134613463656630646533356566333866396332363337393439353734323634
32306131353966613331653538623639343132633365643531623964643962666363303337363830
36633063616439383538326266366634306362653465656461346633333866383261393833323939
37393064646665613431376636343537333766653765303335363239303939333339393036313935
63643634393530343466636332326430306265323032326630366663333337613636613738373734
31653932383637353363383863313166373538366437316162653737303465613636303733626631
30613835656133633639323937393531623866313235633166346637336339363439623035616636
32616436386331323561306366636436326430303263373365343637346465353032353363633432
30393663656364633664353033346239373737383165636138316263363363643564343037373838
33386539666430663232613937653836363935346235363165626338343530643334613666306339
39366531343138356238323235313465363831653431393631326434306664346563613963373534
35393439623336353032623636333037323432363836383761373933663032623832323835653337
31373761333632313864353933383966383033353934333531373763313038613638613637616337
39613361653532326463666538393730666139303362656636356365616338656238346333666137
35633132353735646532633662653830353336656233623134396466623063656135393933326264
32383463373933386265646332313739333964623431363833343031353865616563373461613232
63663131643738633438343236373432663132326635333534303530656432376432663036656130
38353163316432373931636537326332393162353932356239303862623231626136393366323836
61396338613266393563373134393764653932373934653463626364613564633238323231373634
61633137336530623332323633666630333931343261363932323766313833383732336131636139
35366563613737333464653530303536656134646237333766383833313735353761396238353865
64333236613336613831363633376265326264343363313566616434323333383265363333323539
30333431323864343632303036653636656166356238376439666132626264356233346665313532
32303264386539376466613462623462363966623631326364653465393762343339333935633764
64613765363032383034336663626532336230336537306232653734353962313732666632336139
61666662616464333239313164333930323637366533636561366564303537636262376439303933
31386532356462393133366131363263373866613638646162386337616665623332306664373431
35353533336533306265336130366461356565313231366239373135393366376565656164346434
63623131343262646532646433353331653833356434636262623334386138623735646434383332
32376637626230383166623135363065316564323935326234333536393365393565313139323730
32646266313336396435346565376338323564633833333831333431303263613138356165646430
36623461316432313766653734376337313536626335623833343637343731636235306630653866
63393863336237353163376234613435643934303634616539343863303734316264396438363863
37366534376132613262643339376664343534306162666664386332666331653861396230643136
37333131653634633336383136383265373334653532616666353830626666363763383132323766
33613265616332386264663836346537336462623333626434353838303334383235653566323034
34343037643632313566346136386534336633663161306333393632663065373337316362333563
39323632666263326335363763313438386532316364616662623862646466313839666237343538
32373563653933393534663963323662323065626464663037303039333333343731366562646134
33373630623234396264366139656266373234343838626461613638626630643735323066333262
32656538633732666566363063633336373531313335393761646263353930666338393236623133
64303662383439653630623232626537373363333037333632383162326364363037396366373335
66623362356564633062653465323261333535616265636435323735323736653937336632336238
33316465653239643165306264616163313062316534333536313033323665376161373435663934
39386230663764653232646439333835373134636230633363633432326336623963383536343431
62666665336337376261626231623761333766383365633462663264633234303633373665646563
31653330633835303764333265663432366238326661616463636263663861373561313565393530
63396639306137386636653536646431356537633962303133363033633861336234613366653765
62653962656632363066313963343533613033656265313366663065643639363364653031663462
39346333323662316464623038316162396132363733346638626562376536633235306135396632
37386633663466363830643234663935363438633861373334343862386564306338616563353466
32623539346132396662396363303364386564303737376534396166366463363764653363353439
66366337666161303365343239636239366238613138383530346261366432316633303563643330
36303532626562353236333464336562623435326163643533616162326134343863346366353861
37656361393933323665383935656537326665393863376631336139356664356263356233303662
62643236343661616231323133336130336139633532663964316330343539306337333165323239
61373164306239346364396263373937373033353430613536396266346631633338356136336639
33326630353937363730303865313434343238636262353234633664653339393132623865343339
37323963313130323166393261613561386430383964346536333630326261336662306136303038
65373836636466383035346437313063353537356563373362393738613034623261376431396435
65323834333838306361373737373431623736346334323166326335656264663664383237383839
36333839393932626138313831333730313164383263396462316366336333303830316631323232
63323634353137616438353135663535373463373836383930353331393466373565636330613336
64316532663661393864653832336139653833333466303130356564383232613539393061616539
37303632376637656466303837613630663333616433386230353162373230303637633038393865
39303636336365656536656139363966326530393062363061656233393437653635663338333266
34393933623564626535323739386231306531346366643030623166643833393866636462303432
39346635343732303133333531646138653439643339663939613961363331323662313836356231
39663864623632623235616135373366333837616234656462326636373731393735396265393466
32323662333837353265303937363964626631373362353931303830666438356436343966303131
30303735373334306264386639623238393532393963363835333766376435633236383761626333
38336637303432613937623065373435613931373530313037343666333539363736346131366663
63366436346539323064333132663538616637376562343637653365336435313030383333666363
38656461376163633832366662363366363638653936303339343631326265383662343934653738
37303864613537326666363164333435393335376665316263323037653437616562646436313934
32333639356639393331613731363631353864386532626561666133363262666461376338386163
36373434386234613437383065366539623930356238366236396536386134396262336339333937
39666263633734393962663333663662353632343235373463626536653134313363383265346436
62373463306332623339356139636138356234663834633563353536326239396630623866623030
33306466333235666431643336636531386366363161633361363332386464386163383939663761
64356139383563356534336237626336383938373833623933303232636233326438366238363839
65396464626163313361646663316162643365623261353135636637343332363361346364363837
65663961623565616161346132313531313431346265346561376331343664366534316638393963
62663963663531386530386134346461653333633831363330356638383530333064323336386534
36656235643036356335373864393533643436333134386632643030653839356365616364363665
39333430323730623432363166613564636261626230613534343537623766313337393433636636
66323639363931653138626336623061633862343133303864376132396562626632393564326263
37306631316362353233663835613662363463663361316638616537646265376664613934363064
32353166333336353630313933306231343631383063353461626332373235636632363434633136
63393332373666616137383364656431626561323662346236396334353862613132386533363466
39616461616664663064313563373435316337353761656531623863633931643864373666346536
65643764666132616637333665316530646235626134323336633366333237663733663462663464
64396238643733663533363566376436386130336139336565623532383335303665393333396235
64613930636461393261366531336561633032373936666231636632633662386434383739333135
61366562343864333663653362646333333836343632666430343265376166336430343665383436
31663565313332623864376339306136393238663239623137363836323863626435303734383538
34356433613262396533386238373638366332363539383432653538653937383637343661343038
34386536356163663662363562323637366431626439393338353865656430666266633538336134
64363165636438626236376631636366336362646336356361376663353333613330313138643662
66313938393762633936373163343164363162633562366634353332313039353436633735373533
31356230636263633436363961393164346665396462636436633466373538383832393765336139
39366562373230656133306266666262666436366539353031393536313530366366373663383565
31336364656531393863336536653433653937393832623439626363373533366264386236343363
32663433646432353764616132613363336534313465373538636536633537616563396365366565
33386133303565663035383864626533363337366565386332626236643065333336383665346230
61323061633938356530663438353765396431323963623133343932376336383136356234373562
31386130316534383233393664333564653538373038346639383030643439313335363965363237
30333932336535633832666361333435353130386139313636666563633262653462623766306231
37393832653363313065383961333663386438613936656661623964376462656135323964356539
33663834653263313563353463333239303265643836616362663837313031346538373235363662
30373932366335643261303538373431333330383465363332373439626366613037663163353134
66616365623437376263323563323166306337633232326330393233393239643439336266323432
39386130336364313032396430373364653062373764343238373165343562656439323637353231
65333161663662636233336433633335326435326636393034626333393265386139363366313938
62323732313834623661656264636635353236393935643739303063366337383530306135376334
36653534393739373039646330653238666531396162623033626239656432366333616132666537
37353466393634373831663661356432333839666539393337653661663263613932396431633635
63663361363066646336666161346131333237343533643031653536376539633737313835306237
3339616261613535643832393535396639346231346566376432
