$ANSIBLE_VAULT;1.1;AES256
64356535616138383032353431306566653937323132666637663132306661316231346633326539
3564313039613165373764636532616338303433303061370a366635303861623935316233643637
32653031653639326234323436646538333639356134666461343539373661333730363837326132
3966333865363432380a616165653439323064653562373034303138363866613963643065333163
62663036363637313239313230366131383532613239616339346563643365656631316534633832
34313061376564316135383261356563386432306462353162323233366437626234363833663361
32323232613131376435623565663765376434633366346436303630303332336561343462636265
35663434396535376138386434656237326266636365633038316266633236666166363764316366
32663630626231396637636337333130373161376539366463336231396261353838373638383238
34363232336239346432613734663665623164383636623333313730313963303263303964633063
64396432316636656665666363656135626137353861623039623862333235333038376465303536
31343165666231343331376666646639316431656635626261656164313235303363313036643363
31306633626231656437363335656331333938343362303361373534303838633466643633373661
64333062613732666138636536663263303739653965353066616236626562313864393231303766
36306435396565613735653536323034383832383161316434326363643735396463663530323661
63383563306264373239346661313735393135653730393032306663363362633436386635613530
64313664393139366366336238663538353036383366646364363263343230333564663465366566
32643732323663356138376361396532306635356536373862653934666366326635656337313134
33316439313130393265313564356662663163643162643561633339353834316135323230363361
61613833393537643836326636633330626231663664303934326539376635386633613834303165
37356565333932303136383133353037396230333032653363343535376439323838356534373039
30376239313363346165313634663930656433616365333866333861316532643964366565353666
35393539323231323839613134343365393165643337666134613564313436616161366531393037
37636634653362376566393133363465633832613465313833643431373739356137393538623031
33383135616334363733303333336637356461653961376633366463313162346464363831363066
66363461643631373830643838626264333865643466303263646539303639383965623735626664
64386361346539633731323935396635653161386235316666393931623937653331353134383639
32386639303032663062353332313135376338333132643463633366353931366366613964623562
66663931663964656265363066623235386330643234656534316639363436626137303761663838
34346165636138656632636132353339663861343839373437373730313130396533653265616434
37353739653533613966366338663431326161336636346363396438663833346539653465306339
63393934656337346164396539656232393130386634366561376466633737363730313536633139
64633562623564626233376131363636343564316132643634636532366531643437653336313832
34363265633162336364613732346639326462616135303763646332393733363162313332663336
33663735333261323037366237323839383066343831313238336235633836366534376136303062
61666261643062636237386335653965333835623939353664313132633239306239306266376231
61643038376632653531396664363765363632653065646433333337366161663736333262313838
36636331656330343865346461303834313763666161326331343765633330393562653031623632
30333932383162316339386538613464343539666535393535663639383536363038303437303935
66313532323337636537303533336139353831323364396434643330636132653839636636363761
64396333633162396666356262376237666435376433336434343434363133333134316137653461
31623431336166343039326539366635366563396532613564373239306230663462393033303463
37336139303732353631326332323434623563623936326332376237313631316534363535666633
35303439613634666634366132646363363463623963316262666165353336666234663463373935
66653136303430316639643333346138363065303634373931663239623062373234333166653762
34383263313932343531393433666532393437323162326666393566373061313531353930326139
66383936366531633730373063313732666639306263393439353864633566636531373434303035
62343964363039373339323065613235363936643864373365353930616464333239303862336631
37663335646330346463396561393463663530633434303835613565623533623865633966353733
65623864303561313732626137396234623633646138383662616639643231616439663064316435
35383832316664333562313165316235643731623761363734336437343430393931373938333865
33646466323065343837636661623136373831333230316539623734326634613237653433343531
39313337356365303734626635353930393433363631323330373064633630613131383962313135
34313565653561623834396137306338656233393365623239383765316262356463363332653130
65346234393739343233316630626230356661316365656638373465646630353062616239316435
31386361623130373161646362356532363538386335316362376532663038303239323331363962
32383739656630363066303232653939333033343337313763666538653661356238616436336565
36626437633532326533373432323431316334633130323832656562373938363333373831383661
30643539353937623865323663353862356364633733623838333632613635356336383266333632
64373734643361353530616534386462636461393665323332326161363832313432373634373837
33616232363863643536646132646135373662383165353939643961663362633561313863633438
35326532666337653962613362383337626533626661623534326465326333346534316363616337
35613665653531333636656139316262636333316330373437313634616566353438303366666131
64303533396566666632366166353866363639633461353537636162323436663431383866396162
36303433386335663063393434363463653834393138303630653564663035393138626462343335
31346230633665616238613330343363323130346562373236646362616661383661303230353265
33653339316534376337666232633538663430316662363762656434316437636163366266343836
38343133666335386630643261303634623437333161383931306336373539316238666531616163
31353433353939666238666630626138643666336130366438616130656434636662636631393531
66336131313535643139366430343736313337393434336562313834353738356236343262386139
61366531656331643833623662326636656466326261633031633539396334396636343761613635
66306334653731653738316261656238366538346462636634313561383664653666333236313533
39643262643830643232616364303265393964323532616339643566356361636266336264323462
63613464346631383936613630663038636132343832393036306366663839333931376430663239
36333763633033373034323135366536366661373463313465373638353261303737353231383636
34396362333531633133303863356535666637356666303437623862643731643934656162363733
65373132376534383534306636353439633830313939623031356432616131323863303534323937
31316366376333313239633062393937633962363761356364323539613265326566643935373433
66643462616563306536666561393733613261636530396665326436323435366232363931356131
30363030363762343933343435616661613335343666353339376134646130643231663530663637
61663438666666326263653134306565383735383833656333336464353461626161623430353464
62383035636263383264313835643331626465663535626461613666356334373364616163346235
38656635356639613131643862326462626538343839653136326131636632613163396234303530
63313236646437643133353738666463393134613833663262376363313231376332663233313766
36623664323762643431393538303061376535333839316439636665363863326138666161633531
35346136663066646262393631393431393665643162323930626132646539353832356633333232
38633537646566313534303466366265663462376562343633633763623130653061363032366634
64316133303130366264663461373565396638336434316137376535366237393562376432613761
33376232363239613639626535336139376538373538366166383635613536646136383162333430
35333265623836336531633762333965386435316536353634613763303734633264623632316433
33336662303731643837623861663832666635646636336535356164343233653561396464306431
36626630663735646630343831333830303861343935386137633565396338613030383934656562
62323332646538613266346463363464306638663730616339346261636234346538633530323166
35613135323139626539623637616539323930353537623365633061333961316432333835643939
61303439646564396435356532313365386366623764323036366566636530653436363935646139
37373337623262383132333966336439616261313830386130663231323562633832656162666631
65643033663835333530613562616530623765383962633033366563373762336134353539343933
61656236613939646337383465663032383936653539613133376637646437373135376531306137
39623037313630366533613835306431633137383730363961316138316436663430333732336638
37393262333437346231313666326238326437636535623362643965373130356138343439633564
63393535663938353834366433316533306262396336373965383239663363633162373432653266
62613134353935346237643635353438396533353938393463366236633336613461383663623563
34383366373238623664343563656364343039333036386333643631653661323331393239653361
62376136333235616234306130366665396164363566323965323237373461633663653661396238
63366231616334643862386666626236386230663830356130323063303033393932663138636566
30336365333933393038333764626333653962356563663561313138356531323234353331623963
63626365656263343732373235393532306633343230653163643336616637326337316662313734
61623734653462396331663539346339616233663637386535323539363538313534386233636339
39333737666236663864373537666361373136313135323532316262363739346365316633363635
65386636613863343562653637633663666539643863626430383466326466303535306136396635
35643738386161376237333765346439306334383561346235363534643762306132353633633539
30366338356438663435336534303431656132303566343032616131313364336539313433343866
39363239323566356639663737373330383737356232333865356266613239616531306534653866
34376233316430316366376638326139303630366566376562393461643962626233346564363630
33663866383632613738613936636334633031383633633134396361303739373061323233656339
65353066623266306363306436316338636636356235373938313139373438643037363335303866
31306262616465663836313332326439303835353339646633303662366165656134346332633338
62613335393864303334393139396239623135343663366239623230316163616638653134303738
63323561383735633037636366306661643335323839353836326634353431373365366564376263
62653434313338396436663263343663386130336261376131303236663836393732366663303233
62366133636262383733663138336661306538353839653763393832366130613634376534333631
36613035326636316662623462343935643838346638353033333866656637353632313562323164
38313234353932666264343739353065656565356332306333623964303431616236633833613263
66303034326139376634333236613930643437353036323166653432366536303438643961393131
66653461643036326163623162623231623862643034343430373762353030623565623030316538
65316266313432336662366136333662623062646233313861623164376165373731626539663666
66313738363330306535623966396636353664336137346566656437373436633238373061356138
63346561333332666662666661326638363832393763643864633535353962383065633532393466
30303738313962396534656436316439636631623663633136356335643539346439386465623861
38376336646261633030323266383765363361396432373132643765306565363532363336633635
33343136386631326366323761616430663236623439356633653239323365323231303236326463
31376133316230323534393666346665646237613331396338303066633063303565663331616234
62643861303363316234316263336637333761376463616465653461663832656336366234656539
30396266643731613663663336373661353730656336616634326135633764633535323932333933
35643033333237323535643635386164633333383936386631636632306465383835333565666566
30313036616235353537663632643238363932333463353165373330323139613138383137623663
63633964333363303234613932373231326136613231333264376533643863373566646634636332
30613734633032316466323330316330353561666165656536336233353034643938393939356430
66653339376266393331306437303631653064616236663961366232633265656434646230313836
63323439636538373231316164386430656135383930323536643831396165616535653765393063
39333834343733386466326163626137313638373865333037313631343135366165393365623437
39386262626230373030313835376535616334653331373062366230343332636534656634346539
30663764626433643138353632653836346131613466613665323930316135313839393537353432
39333335613231366635396130393762373835646439636534633037653366623763383463646364
66326235343435353930383832313636383239643063636461316161323065303462363439323837
30643239653765353436663736353339366133326131316338613763636165623563353865376236
36663861393339353932633062623936376434616563643962373665623761373939383661396363
39643839326161373430396334373339636465363862346637653963313033616630633265623936
30656435393233643734396561626662653736623030303465623163626266663630306238386665
38333032646134666362356266653566376133666634306233333133656432323262626334303961
38323331653866346436373465386633353837646432613632373839613235343366373436646331
62643964326236343561663831623764366637353533623466306564643030633464323732356134
65343634313033623166373738353766393134316365646562303064313038393636613566616634
61616338383138366436323965356561623966643665363038636238376639663534366234303337
36633732656433323234306535373865393830343362666338333238663238316134376263623739
31333832383238633431303165303733393561333636663238316330363062353934373262656332
30326339366532343938353136656334643261383230316639333865613737323832336466373164
34656539383237623438383835303234633233366330643462306461303435323362333262336534
32653034373766653038313630626335396262663037626162333865316265653437383139313130
30653166656335623165336433396162346264393334316131616662373061663535656466623537
38306137313362353562653030373135396564616462626261396432346137386633616231313861
33336238656338363936313636303335353238636537653632333863306631343866386435343633
36636336373333643234636263623130323864336631366533653265393362366535376164643931
32656238366238313331633037323463653238656365383531343163323661656431353363303636
66366235323165326265643735313331366532306638343063356664306663356233383166643237
64383131663930666332356365393436623834643062363730393266646662316365333465363439
62666531666632626164636130346330613833643136363138613530346663656630613263383561
30333534396237653566356364643763653766326538636431646330663162353864363134373831
30303533376431386661363266303332646330313236666466313138356135333134303737363566
36303761313031333361386435643261616162653361363438616537383962633264633239613161
32656537626466666564393661653663346363373139373434353336323363373230313265396264
34646532613033353465303764623037303733306430346631303535326139396333613964353264
30373632356632383032383136646638346163356438626165393435356566393061663038323165
63396366313562616533363533633165336165393232303230303733386333343761356132366263
38373836653032303066326364346239373032616262393237316162383134316234376439653464
38323461613634636439393662636366626264316335333539323834336564623732343062646363
32386464326166346330336566346534303435623461393763323463383930356265646333353939
64343032626237313436623464643262316363353139613637643463623134643331393233326238
63626239343665656434333934343231616632626238346530323230323131383533353862636362
31613961626664636136343664356631643163356661356534656564356130346435393537633431
62313631613365353262386535623061396630393031663332633637653466653939643530383239
30663962376464633862303232633034383066333730333633366336636436396466646433613965
66333636306331393465626564643362643837353161316561316565383539336533383261356636
65313037633163343261363435313434376131636133656434636232623239663436613033366562
62363163643563383664363238363237313462333934313063616332353538303066353838373165
34303538643033313737333665343864616365653664356230633964323534626330393333656631
36626333333932633431666530653135336138356230666536613761626563303438316236626361
61656462663838643661343861316133643832643033303131643566643466643831396639633965
66613339306635636332656434316233623361663365316136373433323634643639306334633062
33356563303739333030643838656332393939303666626463653663623330653563396663663730
65663365383230363031353132613664393261626134643935653831663135343165386565323830
34623130616566376231646163323336396631363130653466613636343265386561383561646438
33343633613161656239646663623861326230336464383561653131613766643237666237653235
66306261366165326464636437396338633764636664633935633965643132393064316134346436
39643632643831646266666466386334316566646664386661393932616165626361343131343330
38383164323733343835656333353761343266383936356532386265623064613462373666643634
31633032653561623634393238613438303537643631633531616433346437656634363735613062
66666362396538356366383236623766313264313539336432623737343337333131333134633965
37306639646630393533396631666463336161613336383437373336656335353836653430353463
37626365323433303130663661363338376532663164666239356637333337666165363230333964
66333035656636656137303335633435646631643438373435343537396563616631356130343663
32613162333031613339336638313861373438306539353538346339323539386266633035386336
32613461363166316336396430366262333335633635666666633035396338613066333830663631
34663838633131366139313361366634336539623635613330306535393733376162633664663332
36316134623065666534653764333762313534323565336236336439636331323935343236353061
30363964393430393536373366656335373766653034373335383033396162313634633339333438
63393539356536623965653138643035306663613934653330303338383134346237376239373263
30366639333931366163306232333461343334346136373362373335323961303261356663346534
39643339613533623262373065303466386262353564376135623034363133363465323361353364
36393834656131623536333631306136623261326361663438613966336264383237613336376164
38646135356331373465626330643365326139383934303331633837383132303035313431303538
35326437663331613962643364636266343733396561343064393664343365663238653766626235
62663235643662313562306261336537373965643932653166386562626131636339356134666631
37616165333237323030653062663462386232303465353236643063643564336534643036383131
32663266323032353832623066313361346565346637396239636336616232373331613133376331
39343434666461396430663761376564313533656131313433373535633036623032353537623361
32663735306566323835376330393366393561383835666637346663643731643132
