$ANSIBLE_VAULT;1.1;AES256
30633330393938663932613066336232643665306465333938396361623731643731613965346332
3764396563343239643761373163316630333066656664340a323364646461656632613838306238
63353261303836666463326533636438646434633464356330313262343938343432346131383361
6434326433353732320a313031303137653931393232626139373566306335643262646363323637
61366632393861396663643635663037663663636233656538386431383963396133303162313665
37356633373165653463613261643533653764663666343035306661306666626264633263633433
36386339366465643463643431643738663531363838376466313735376265393264626538386338
64613436396463376337643762643935613933383762303636373532326430353231353063353563
32303835663736346133356562383335356336633035386362383731373263623438383235313933
61393034386533333836333736376539623165306262346463343739633236373132336263616433
61343931626365623937666261623663653030636466353037356263663662363633653031613766
38376531336330623637343265316131656161343165623933366339633531646632663833353935
30666531656139386130396661633139383464333133333130623137633461353562356532656265
38386535626463626439343234623733316263306336653462333638303261313561326565336165
66366330653765376661653738363432356637616436333731613239653463313061653938653737
38326366306336353230393839313539616233646232373330386263306261376230623962333539
33363062646165343861373838643661346265653932363634623638326264613436646537363461
39326464386132333363376266326631643834393633663031346438633032353161323732333332
61333034356635643130656136623435636266316138613032353162656663303031356630643865
33353164336564643436663161376430323064626134623539623963653634663564316337636534
63353532376262616538613961646234346139636136306364666362653032376566656239323735
64316330376535643463336435616263316262393364633261656632303531616264386131616564
33386236333132363130356430656434353766383637346566646236333064343939323065623138
37646139383261313561346431363130653537653238653737613762356566393730346461636135
63396333643066643766656165336561663130643137646235366134623636356237393036353564
36366162303863663736623634613730373233636639653234393737643566643662326130353336
62663563386434356532336539616137326464633839356265626636363430613031383737333661
37343631326632623036393637383138376364346164316531393966653864353533323632646130
37363534623431383938623264376435663835643936326637326662633433623962646139346331
36653166323335303538343536356637633561373465666165393061663462383264663266633466
39666434653463353266613431626139626438653634653130386434373332353936653134353439
36396531323037346463636565626537306635303433313130313161323164303963303461383961
36613335393736323131306635633139336331356631653162376231333362663334626233626532
30393930643033353462386539636565666633346162653238396333373065313839633763393737
35363465376231636335376631383735383339316138333831373238666264363061313261386365
39316363653733333839646435636634323464333939386530623434333037623266333732306436
30633338303230353463633932616361303631636335306132336130623931663765636335666337
30363862333961613835353032383938386436616637336662373965336166303532393331666333
63346636366438313861323730313830316434323463373739356561306564323231303364613964
36383265646139346136376464323964643262373565653334363165323763376162653762303763
64666166633662306633363962393035636431306332383863326564623663313561383664356665
61386230313734633131353565336636633961326138396239323137333733373465346166636636
37666432383139356436663334353637613536303765653465373335613166663736666230363261
30386338323563646462333265666563333866373164393430383265666364313032383231326137
39623531303333323331356638353835656562616633636261343165376230396430663439613263
33366164346238653534653762336531613834653861346163626138376138333663653964343237
30383634623138353264623037633539646636386530626636316531363763343334623531646230
38373061363663396438303135343866393437643263633038623661616364636664323761333561
36366662326334613165613335303161303938306131363034393363613839373530366335663534
36613066653435303639363166633261333362313765623065323761666531313061383436623363
61326133376332313238386562376331383736623632313937323235353163626164326364343937
39303438386262393465616262316333343566646165633131363330376262383636623561343538
61616238653732303932663764643365376566613933343461363864336663323837326563333235
37386331316332346435343534666138383838616539323437623861373635663233623461396264
36663563356464646364366133336436336130353137373635336562363931613936653265633938
63666266383462373632393133653166396661306439393136666438336336306230613839383836
65363838636266383164653631313937356239363230313663313532373136316435313566613466
31303932363532316562636233663330633863363535623764626139613932376336346166376362
66383538373736616337623266336434353336623762623634383832313635303933643133333937
62383631393335653666393131333138373462356133663231626132366534333061343931643639
64303338386636616132623435653733626564393834336637353764643363333563336461636364
30316662636532616531366439656339383062373437666464613734613938643737323161386539
64373134333061376237353562633162613236383666663138616535663531623764623437376165
33636661356264323466366266613965353730326539373264306565623539656231643434326166
61343035626464306432343465623763386230313866623963306335393839626538313835376238
37643566633839613230633033663463306233306663303063633965323035326361666434626637
62626333613236363932663565306465623363353836376635323962343562316562353534646635
62633735626130303534303961636430626237333066306634386261326138383365323763386264
31363134656339393764313263393639333937623064343062353163303963373637333135613939
38346537626437666431376631333033333338336331616265623630353162316131373566623632
34383933643762613231386562323061653133356437633132656539353033663032313734663065
62373436653030363262653436303534373837356564343365303038343038386663363530663436
39626465323863393365663164656333373831356535363930616339386135373636666364393537
36383931333266653735616464333736343537383531623039643539663465316666613562363037
31313436366139316366313763653530326636366538383064303263393865383366303365393864
31653961303464653064373063633137633666343436303961306636383538336565386533346461
63323865366164356137353761316263616364646233636661613464666134643237656132303566
61353963336638363835653939623534656563323365333132323931656566393165353462376430
63653837323564313339306461343638323363356166613761343162353965333863346235383965
64636630393265333463303563363030366430613566306666613036343764383238363562323463
39643065356234616664653661646537643436353632623563313663653535623430323238323264
61383237323361663937343564623138633936386664636238363433633531373438363433656561
63323261633630376237623833316462393638613636623634616631363465386330343034663637
30643865653539346534616336613433353738636666653737653639626131636437346261373339
37316639663130356133326435653934623662613736616166373364666132393863663537346534
32393766323639636438356165306331623432313064383734303063653466383135643338633236
36363262633830383732353134323064666331333531333734393734383637333161393665643566
33623437336536306266393234396166313465366263653935633433373461383138623366323231
33616236353830323439303837346132363266363836306463373866643134636135336565646338
36333239306164393837306664313738366236616130623632356263366338653065306436653864
62626365366534393133356231393038613264633934333937643437626662373338653232313435
37333335636266373431353633343366336363343837323230303634333538616335633630303837
61333463313062373432336163343133393433643932663665666561343131616538623664653938
31613335346435303761613532343632333530303138643533303934616565346234383437333464
37353230323161663634616435623761616166623139303138333539393966383838333934613530
32663764623830376635373165306238306439613838333064323731343538633866306366336239
33613864386232393164373431316232313962316363383733303966303035613332306231623665
63366438376165333663333566383834636331633333336161653963363763636138313733383030
61626433366262653637653838623730353531366231666334613431343562623137393737636432
64383961343166386332643264363064306439643833663561383965653564386235386338303831
33666534376534366335623737376265393231346566393430663834336363653662306363353030
38396332336230613736636433396637656234663730623630306364326637363435373463613733
38646136373532653537333463613965333431363739336439653931303837373435306662346162
36383037346232343932626262643839633836636431653664643964623037353762663762323037
34633533666239306532643066333564303563363137613739633130663035343737366262363138
36633530633230616566323263383334323230383237333039643235333861646130666430653366
62326435663664323634663839653831633933306233323266393964316531386533336336363965
61306533306266356639613537313138366564626537653231353330323836383861343464616664
62326365376665623630306336346466326139396430633038623939393762333839353437326131
61313966613435633632636164343531336139636463333739316563356434636535393538326134
30393765333264643063313162393861356466323835633134613463383739346234653835393065
64373466633966626361656365393731333831636130376562636333643533383863656664643163
66343330356235306666303365613230363063646530346366343030323661336233396533313536
63353664386337373835346433303766326138313466306233646366646139613766343335363932
31653733656330396463653762393332306137623232393166376133313761383538643537626463
65333937623263393431653336653233356533313363343134343862393035323435623636656535
30396365376537363932376236626631303863363937306330313462336138653061376366363135
65303131343462323936356261616264316465636137616632343264333330376331343736616230
37346263626536393333626637383935393639636366653835356539383732663232616134323235
32626433396233323164303037323339303266346632366566393938663164343037333734653635
31303566663537333531653035376239613865653239353037376138373133316437653365363162
35666634343331396136303538346337633262313533353039326462636563326465643130343836
38313338366133303565353366393962633236333466333062313433643761393931333564366566
37643637376638306166353661306130366361376665326638393938396637623730343732353666
39383832393030633036323264663939333861643232616334633238646139663035623233333165
61383061633861633961626237316435353439323536383533383263616264306136643666616537
31663936333537396635323532363631353230393063323166646237653730363062393237323762
63373839313663333261643931303632363561313935393662396562613964653030626561383661
32393334393935366134373864613032666163353139323965333062366334306636663237373331
33626437393463336362663839633833626634653261646639323164653330343238656534306135
62356632373061303935353664383266663465396230396432396138633338666232633436313537
61366430646238303164663261333530363265656166366366636334633135636234633333363164
34376263343838656330323861363837363731303334353265623833663439346365643138323565
65626234653432653531366535626665393035336561343930366531373764316265333331356332
32393063353663366562313061313564303965646437363166363063656634343865316665623731
33613038633864333439643064366462616339383730383532643335656636633062326334623437
32383163336263383065396137326235363031636361343135383830633762653762663430373664
32316562383737653830346532333563366266663761653466373164393232623238656266306364
37626139353836396463303930643964363937366335613735303463303935663739346266663833
37333039313462653461613065356439333033336664383731613433346532356262326237336437
65333138333037333233633563373261353136653737613232333635333639313263626264383035
61343238336232386237316665616537653862323365366261653939346633303837663237653232
62386338373833396332376265653738383736353636656562373231323861336434663536356631
38653463656161373662343363633664623433316634626235653934663830663937363531356463
66626433326562663064366565616133613731343863616166353837383665313066623330613031
66346538306665303462653664326534343563396237313764396133343865316265663466613265
34323464363331353061653238373136306166323765373961633664366239653030366339333438
30333933623662323938633666623933376535663563636236326363356332316438633636303766
30616337666461653932396636336533353365353435303833363930326637386231353664323833
38383536373631663437623632306163363435356331303536356534343761383731643737303733
63653733346139323465653864396339386131383662646261356337643565363635383332393165
39633232643563646333373363613561653463653232373635316265323861316562633639343733
62653362383134323965353262383364663866613838356135623438653036643237643233313135
33636338326130666230663236333363326366363936646664326335633964333038623464616330
32303537323732376265623232306234653239386639663539313837316433326232303039373532
36613661313065326138303336623131336437663536383366306666653562346630663739616533
65303363343431613636336266356638333733613930336663323938643932656531376531303362
32313061353633646465303761326432376564363630353463633164346164386236376330623362
38346561646435636133373832643066326431333438373635366366323737363163393636613230
33626163343662316261353566333463633732633461383833623564373734386634326231646566
30393534346134653231366538303138393836386633383632626531393462393935613730336561
38336562633265633731313762356265306631663938376263363336383563656234663732343362
61636562666539316133363736666436366239613830613031363035333739333463393734323935
66316336343839623938666561323866393962353136356338643034333431326564626532386437
38356465643864636231353865633437336465663338306132626135363335303935306432653261
30393766383361326238363236333231316464346462666434623331616535313332653465616337
34636532343635663361636165613931666535363561666237313464313033396661393064643062
63643966636631646462363761626162653132633131363335393761623863653634626132633738
61333330303939383865306439343364376432303636313962363832303730383830633066353532
65613234333033336338393461356661363665346463636235333134633934646136366438613034
30663631393035326238656133633036313664646632306134396361353963663565373365303731
30666638633865323432656138623739336230616432633035353637306230616265303361316665
38313966623266376235613334666161353233323861326635363339376636633061636430636563
34393130346330376637623562636534636662383565316365623364613338303464383765323737
37366637636333336231356263323732306431356461616435316361636138313331666362363339
61353662636638626134663162316439613437353932373162353365623933623262333536373731
61656562663132376330613261663236653661663337356433653732616262393031623063373961
39656461333266393831643764333331326135336536393433643964353761363032313030353464
65356561303265636131323163363561326339633564356131353732643665623364353836633738
38373165383039313361626238623430663433333361613163396330303433333962383031333365
38393835333165646262393736373162633833376135343665393563326635613636346436323031
33393464663036346334306231636461333362626466643962636436333363643137643265653338
30356261613332613036353536636332366266346234323635616236366135663864333538306135
34613434313463396638326131656265313635356665356533373932323337633239383566353162
32346462333439303332623532656238386164303064373630396635653239343031383563383066
64653864373661323564363666383533343134343066313733303266313961333138383266653366
65346164633635613066376364376132663565316565346462343864393564323963656663363335
35316137356432363239386235353935383566613033613531306266613139363730323364323335
34303934303562616338323562323537363961356539373839663439323966633439373939626261
34353935323261616262353464656635626461306239323839393634303030613233653663373235
36346232353266383538626539363635376636363961333761396232366633656534353033346532
66626536663861316130373735626332346337643363313962623238623865356237386566376161
33336566636234626232343463663336363335636531343334383438323138663632356535633861
62613166396332666465663365333639343961613335316537366136633532373130646663373438
34396165346638626666643764376362353564313037623731613366306531306437333465663433
64393139643130623561643238373665383364656663393465393661313732356232613761346236
35333432613766386238396563616161323437353364613930626166393663626630613166643438
34383966663231383338633536636439613839666438356338343631396538653730323763383030
30366165316131373638643131313764373839306338636131393135663865613638663762353764
32336134643338623461633837326161383233643336376438613336393034646365626663326366
31663736393434663135386564633331623133643034653061366636656363643730376563636436
63616465626232623462656135336531663064623363316561626561323566316330373931366163
33306136383139396363353464306165383463646464656339336333343531363132343661376634
32646562623066313634663435383034633130393332643865633730613363343333346132323932
36393166343437356635353162386133376238393764626564373266663031323563336237666630
30646330613537656136363935383936366365303534366335366462376137643533396564626364
31383263363636613232366236353436363431383532333136623964393934343835326266323930
32336364326537366230613732303233313335646632623337363663663139333939623731363065
30626438313133316232366464633532386633346137323039323634336136363939623833383135
37343663373865326534326436323862326562333566303466356265626232346234646562623432
65613964346438626431333638303039373230643239343930626265363230313533363139363036
34376237383963656333666630383564373161636137366163633166663435613638376630623930
64386238346133383232376333626165613435323231326532663164326432313334393539386461
61373532373364313062363638306235313466636133353239666235616433663736316239616430
35633363346563633637663264306639373537336337326334643033396335666138346130646539
64313163386563633966323564613931353338646436663262663263626639643336353835656533
35353536633063363264646461343534306164613661613933353162643034633039636534613936
39353435363731306365313835643633646430356236663538383039313564303338303036623263
33633962343136303334636461306430346334356433666532326137386237626261303266623234
36316335646539306664376465643337326361363637353165663137626531316638393236313236
33666336333565303164323861616433323034633032376234346462313536656230613364323231
62373466326430363166363163376337643435386166613739623232356635646537326264633232
62356133323466356532646461346166386635373436366238613036613536653966383333616230
39393665313962663030666234613562613463656563306361623132343361376662343265316235
31353935346563663566613862333265393332306433613065353634643564333037393333303435
65383937396338323030346164363839653730356564396431373031306462393063623533636436
61356636323133643439663331623262386434623562663934386137636437316363366139666530
36383033306339366332656663313562326364646337333136653731386362663531396466396562
38326161626131633563376162376332393162376432393166383365376666383530
