$ANSIBLE_VAULT;1.1;AES256
34373064626366333739323430653530326132393538396230613939376137383863383066383834
3639306538326537323338353562633433396634666562300a643034383763633565626263396366
65393231336562633461326364643433353065323233393137653762386538623239616536636566
3339373565343433610a633733626430366538393932353534353332616236363361646132396636
61656663326439613261343931356234613234353738643865323761653262626663383333373162
63393837653864363735386435633237646265663162623363636463366138613963356165366632
36656366353663616565383864353436636234646361636232386533373733653530396363613565
32393165353162346366383630366432616562343030303163623039383066303065353538313730
38323464633635636662356462383066383365313961633833336233653632633761343334373337
34646231383263366366626438306635396137373463393565356334316163363466306231313539
63353535666534623866303438643063363938643162343539373535643837363863623435633134
63663264386536373166313263666237396133343734363163656562636433636665666537656263
31653530366634346230633632326539376132663664616162636630356531383738393363666466
63343166636235323433323935633132653563343836323263383465336236633237336538623766
61666334666537303964666238636164373161383961363137313233363434656538643761613066
35363164313439396135646538363037663833386163653961306131356161373838336637633663
33666563633139613231636138333664633634653437306231363062363761666132663131643464
65313337343334373461663630616665663137653030623261306335313834663062383431356633
36656630633462623939303439656532393162643131313537323564363139356361356439336632
35386665393034663966386430646261663734613334643538316563343538383961386264663638
35656563313561666461376433363665306561386438336533386130396263663135323934666165
36613961336330366162616438386463343263313630666430616530646538623731366530666263
66326133633935393862323566363739666563643234626631396366353936366533663062646166
34323562306565386137396366663539326638653037343335636434393865653635613137653036
37396130373761343065346634363266346264393866653266376264636564343830623966626533
64313736353239356337313561306332393738663565393334353136303937346465356334656136
33626135656362616230386339636238323033646233373331653963326339376131386337626364
39373964643034656461623232303631653065656335366239366134646461396564303136326437
30353431643437336532303136336133303234336235373636323338383434353736623939313864
34373136343938346536323232663263343866623730386432633361326361366339303461333763
30303237303633303831393561383165333066653137663534333365636663303865373531623262
34646533373530353131666338333035613532393561363864333663656166633764643730616339
64343632656539323935383938396632613361656238613635643639666562656263653233623334
33366465383764646463323463613533623534353066623464623634386564613061653564393033
34343733343335383265393264386635376436313337346663666435393464383133376433373033
39616233383966633430383232303230343230333433616264616265363232383339623766396564
66346361343738346365633733363937636238313836356232656134336336393561316465666430
38663338653334313836613436363839346561323132346231663238663439313262333538326433
32373062623362353232643265396633353233306637383639373766383033643164363538623561
64366163373063303166363265623338326562373637316630373462646630373932666561613632
39633232663966303236303063393933343161356661303838363962643235363132663231366630
38346666383836346562663438373463613665333161306230623261663732626130356630333366
62643062633034633130313734643737396162323338333066323033373437373764383730353134
34326630303738373730646334643931326231383962646331313031326230383233356139396439
31663662616332626532383738623031303262306163666336613262626236633132623330613363
64633433303663393261613561623336346631646236613934353735643564653862633464613332
35366138666437373531366164386238316433336335613234373537366633303662626630353735
39626531383263363864356466323864383164643637376532663366653931623838626137643562
34393637613766353430333839653737306535316264323137323931623337333164346565366135
38653533623836333361623939386133303838373335336465636461303861643130373362616636
33383139366434363533313065356666346161343463383761666137346563333062383239316462
65616265633430373863656634313663646437366432343661393032373365366633356336636361
37383664333630643632303865316131336565666339386363333562303335623662396563656534
38303065306634323731303031376566373965643134333366363865396633626534363532353366
66656363306335633465633763393966626533333561313761613233653665353566633837353663
62326266393562366166666137336535363534646439363838326161623363663731313237343333
39656665373963353063653863623466643730353634653935333430366539623136633133656535
64633033353237393764613333666338666461333462653632613433323233313131353561393337
38376633386562333262633332363537666264626135613330636263373661376130363739393737
36363331356632633535363837636433653933653432323630633135333438393231626236393836
36366363646464373333393765336332613439656539623565363964373133613264373238646361
37313266366635316464663764653136623034353137626133386139356337636136663731333265
34666632336633393130626661326233653731663563666534646165653138303063353137383838
30373535613236646461353135383433653365663437633830346463306236613431313965346365
34633131633039613230646566306466643462633932643064613739386661623730333836343730
65653665313238316131356534656561623235323465323261383964633439396134633134306132
30313637306166626631613231613164323466333036616435646665613762333263313462646332
61383634353632623730316431626635313439653339323764316265383036613534326361343366
63616266333933376230656264396332353432376265636336353439306236343632363436633836
35623338396266633634616632323639383134373561393939363664373435366634303130313563
33346166396537386438396530623736346436663662653139626434316534303234643763623733
31663637313534346336653833653164336561363533383331633433616132313335636234616665
66316635376232653266643637623734643236633362656333383732616466633239353964353333
63393330613638313432643330633539656439636563393732623732333065646239646464313139
33306261303534316332656536653865323863636539653363303339336661326637373036313731
64623463376131623432623664643364663831666363396336323662303836356166396663643362
65343065383263626536346134363263343661306461663036376266313039656438666537633966
34326430613935326434663531373465366562303361313965353138613433363462326332396139
64313864643431393964323535646631336632663032316266323035373364613533663839653836
65393865333936336230613862383364306533313764373330323330393661333234353338633632
34643363333831366465663139393434376232643138333965313533326134386339326166363764
37666437373538373566613262326362356261366335613264303862323734393330663139653538
65303634646637653132313761313338663837356636383533323063633565323066336334393461
65636232353861323832653731383839666361343933376437323731356633393864306535666366
30663336363965333432363134643037613238613261303966323763356432623763643334643232
65643833636331616136376662646336653732653931393031363536623635303339393632323139
38626530616239626665313430376563363665386130633164663733363464613530363634616663
32356564653464346636336230393962353431303331623566616232663861356431653134653432
32343164653035323333613065656663313531306465366234376361643564306536343835653463
62616636366363653738613139336633383436663366346134336638653165633766353933656136
36636232363234643937303130373964396334666135303365323562366531326531346533366334
64633664613664343534376534396266373631383631313430613439646436313238383031636134
39333939616536343166336236356265653635353833643734656564656631383635636132313436
34386232656234643939643632363135373338643836653236666335376565626535653838393238
65343163336665633364646362363833643834393361616130643665396161343034663337323435
31376363313461623338643439333763643834653134383732386439333964313163363231656664
36613565383832613430343235363862663563303563356537386630313566663964343565613235
35666235306164393239386131316139333262633765623533636337626139613037636538306132
64323831396131353037343561316139393038373566663963383030323332306531666335346435
61376239616538613665633130393732383439633735663038313064323431363339643662626637
30303737313061633233356364383434663063666561313966636262363863353139356637303830
65373764306663373137376332303336386466363333363735386532313038626464346435336136
61383338303361663833623261656437373136616462333762336163656435363937646536366266
30383737323735373263383637623965383039343539623662336461633435383433356566353936
33313166323834353234633738666132613539326231363463343630383061393463326133333461
32366232663834383761343439353963663539316331373139616237623264666465396264633433
66653466656563616639393762336365393163333563376431363335393130336333313631643465
35316435323936613432316461316531383632396665323736353633636539336434373234326530
32356338363131353065623765633433666137303036323538313532643061306166623164373463
30316137666363383733383135656466653336656431396235626538623565326566663431303939
31306661353331336536303163363962626165393431343232333365623665366533313866346130
30623438396264373466343335666237383430636565643539623461346562316161633162653637
64393735363937643837393433623838353337616166646162316661356236623365363365346634
38363662346464316532383736383035613462353932303065653533623137653438333363656533
64326631373934333164373563356461396633636139656463313233313361643535623936633637
62623035653036376364313630396331643732313266306337363163623732633262343635343561
38613261633536623233363364613166306134383632396130616437616264306634396333373962
65326534633236393536326336613936333035656537363530646663303066393165333838323932
64653334316230626361353265323732343034376563346336383261323230646235383339333665
65653131326166663231303861626266656130373533393566653135383133363464333733306134
35353464353566393362393266306537366137313761626665386538663962323764313830363336
61346163386437313963316561363337633461313363636430323139343634646364333365333234
37333063633563653362666636373361623831646631633364356461313836363734653062343262
37373033626432643462633535353666363965313462343266306638353165303763363564663731
66333539376236376534646632396433623239646666313934386664633238373738373939633662
31343363313566626537363965326636383663303235306530333732393963353931373362613932
65383962633336396537626531386637363539656564393735613334393633386638626330396661
34336334303331316633333037313631663739386638313433643330306433663062653931363634
37316265343261653130356336323266626531626161383132623135343435613565646661363838
34306164666334336464383265343630303431653338643330313135343438343730303437333131
33336139633166333030303433316331366665663730383932356163386538616230383463666235
37303663383962323965376138363834613361643537346638393366316364663965373739633838
66316237643834333132306531343063666463393737303835383663313532313538343864643962
65626265613262373630373834363239333835313738656439643637663761636637653563633038
35356638306234316439666436633965623437373461623833393363376139613135396533623733
65313861623362643864353738656663323965333738386432333939663163383837616136666563
66666364353136656133646235643861333939316632343634356334373765316434636531333530
63623936393764616364363565646437393065373035356333323163613537366135346333326364
65336638306439353562323235666663643734386439626462636237393432323565666364656364
38353266643230373633633161613666623361323633643364396131333530343039356636353164
31613465383330623535366139303464613062626433363139386665323536623064373066646133
34313763333132313937326634646565623830636562343139663933646666313835343333336238
30653733393139313035666633623537313166316132306539376431366261613536333932383539
38613966646231643735636335383939636630613763393434386333663964636637393837333065
62323364353664636365396662666339646338626565396461383232656132386633326565303837
62343931356462323262316434343136306631333430363332613664626334613066653338323536
61613161393133336332393631323862366438636364666234666461356531323662663565373035
30636163376366663439316430663632303263646439646230303936376531656433323063373235
64333633663935396565636665333937303065336131623161633666366561646566313134323561
33643939633239633964343234303038326639313838623462633964613132333463303331653366
32303865663539616534313065383365393537633836643562643562616231663533643233313633
39373237656139303866316638396339663164303239636533333937613563316532333638643834
36643833306236613433666235303861323066316234636632303430306436343934313034666562
62323135623639326532616332656364633032366262633665646163643739646162313536336261
38303066373630363336346135333132646561353737303032663631326664336633636431323463
61623463336262336433376134373330633039363134346465373838616536666230393561643531
33643265663230613438303130323365653261653535393234353138633637373861626366386634
37363963323063643734633834396634306535366264643237666434656430623762636563346338
66356534333435663238366236633766616265313935663563343233373432386233643163306237
63316666646335643466323433613163316539666536323836363065343666616637323230353431
38383833303964323130363161653363643433323731303265636130373266363163643064663437
61333237393964343036343863363831316537623233323439653430636230653661363261366330
65353264396166353837323538653332313466646661303762326339666463356331336535366535
66396537656639623562353238613635613338656465316333383734616133643134623431303962
30336237646138353062626265333936346465616565363232366532353738336234353761656461
61373932616264383661326533346262393432393135333234343966303533306662333335653537
32313835356663356266346462663535336336333832373830393234396335616334366162333334
63663861346133323137373066643832373664393831623864633937666639653333356638653233
61373431613537373338643539353663636566333136313730303533666236646463626365646661
61396165383962383536623166313731653565316662646330346664343535313538666363333161
31633735313465306637353930356131623365366333353737616431386135363334323034333439
38353939333630616163373731353235353033363032353635396439353964663038623339353632
39333033663733663038323833323466646361613933376131376639623663303163633065346266
66333535306563326631633066653864353135613438333136626538363533343464666565633035
66356636666431323835353337633735303733663536656434633138356464663966373163353336
38306233366532353534373336373233343733376365366236393962376430373136623831633663
37643834316434303463613262353862336233653562303338393232353335326263666139633035
64336239353466366230633732343537626164613136636634666134336637303965663164383962
32346134316537663939313335346436393835376563343438656333613036356233396131666365
66616336313532373030333739333739376165356338313863353139353235613836643430376332
35343464346533616261633336333635383737353439366339656131346461626237346531353066
31643339396433303734663630393664323333303536623032663166613365386361303534333665
61633431626332613333626561323938336637393335646262363437653164396634373136663131
34613837663530663561366564313062363333643966313631616635346464396437373436663163
32336233636663346338656161373530656133663838623832313536313030623162313233613633
34616532633464623330316666316562626465633061303932663736386239616637333437613132
64326263613139353731326464373934393834396639316566663263363762666531636264353136
35306438383330353132656265323064373961356264623764326435623632343935396437633734
63323739353335663231363031643863643662383863666633656563343166306331656639366334
32633638363566326632653365383138353532323663633038643035393363363432663230343838
39363039333732623637326635303630373761393535303864313065366166653737316239353333
33383263303031356236396435373537323336623566386461626364613363623431636263363033
62383035663635343130316263326465653730623964353437656665613232616435646331386430
31346630626462613735343632666438316263336238313037396333303437373364323162623033
65653465656365653862633164343163306337306439343761666361633066366463663532343664
32643663633331626632666164323166306339646631613262663365306433646164616230333031
37333537663930663366626365343830613336306437343938353637353437313338613137343064
66363862336462396130643066386266633830616430356464386662646433366163626639386665
66653563343765663134303636346361316161326133623233616334623535616639303961373666
38343763663238316333663864313636373732643235383730653963373162656534386164663939
32643837613039626562616163383662346230633765316665626337323861336234343730323264
32336664346364663237313339376438396464343763613432313064366531363534663635376136
34333565326464306334663030376537366530346435386234653435313265396166366135343866
37313233343134613634363230376231653433323637303939393239353232333531396363393266
64313132326665373563636132393430386635616534666337363137373130663763623237386337
61353331393734376538326261343964346237373730386339656432633333336365613265363339
35353765633832626462333939663961656333376163643431316239376661626436616562336430
62333632653466313533333166656332613966666537383834643236613565326637383933323936
64383838616330333465643538613863353630393861666136323635346666613061616633613365
66623061326435343662366534326531393132613630663436626263633265663862656534666465
61626561383234636333336630333738633763636137313834626434393532303762326166613661
63353031326166363164353539376134313236366139386234383438386339373163326235333566
30633162313361383238343535313433393066326538393865346662363439623431363566306161
63656662643061633130636431356633316138643265666638636664623731333538613865383634
63666233336536323335306431353762376432633334383133363533306364303937316239353330
35373464393035343830303530666164376332643962633662393233643931363630653466646665
36393066393637323063366662623036363062333235363337323933616632316335333231373933
37636438626162613330363963623436346661376137616637646266376465353665366562626536
34303236333665303761363962653131313566623562623731656137326332613564346236356133
66613562353636393164363161616335633230373235373665356133316137633332326338303465
62386439313033366162346466333430383139386561356535323635663536646138653633623764
31656531613363326166396336643032313836396438373764316230643466396239376565343832
64616436313532346231383435643334333238613961376231313062363562323366646463353162
62353132316265663436343962363030346366623061396534613039343663356638396635646436
39356465623664363766373762626338373664633837393964626330616262336666666263636231
39663235366635396666656636313561363730666661663436666335303936346136333433656539
36343461363832643433383936376364646536316237393537316665646164376132646130353034
37336465336332663430393436643635636533386335333837313435393937306566623831353534
36376334326437333039633737333439313763346663363932343432623232343363
