$ANSIBLE_VAULT;1.1;AES256
32303939333262353563666263663136336439316262333634303935356436373636383335636234
3835356236616330666163346132616261376330396536380a336635636232343232663764313031
32323564386536623834396563386239316538623435373533616132363530353337396434383463
3136386633346632350a396463636230623337646236373332353736643139393734373039316638
61396465343739346232313234323633313137656538663662343364393131326236303634396261
31636634396135393337363935306234376133323138653961346431343064386233623863646434
32303630316363613139396532653466353533626263616230636339636430326136643030343134
63663639376535353362666139323062343337346132306466313766336664326635623836643536
31363034333466323331653466643339366338343766643533363361313235666134343536303232
32386434626465623836396630303039393761323630356232383436343737346430653035393634
31316437303632623135363834616564663131633335333632663761333130346466613365316238
63323065383937333764656537616532646162313934623736623834343435653637626430333539
30646238633435656131633264373265363631346537633463633261663066346330326530663038
36316437323063363965343831303432383961336163353934643937303164653830643763396130
38386135336539656230656466383034636535623461643133366632376263633233323232303330
36316135333039653964386434353830343137653932643363306232653765386435646462333561
65323432383037386433386432343664343132356163653861303034303634396466316166323465
36623161626136386265636366616164616538303437356632646137353139343730643737373764
61366335363633613765646361353765333837303430323862623830656635646533333261393035
39343366643661326530306537363838316563343832376164663463373134363132663464633963
33363830656364306137663736373333396264393165336332386430633536386339383837326539
64633865643530393533616231326636646630386265633137653638316662383737636462643263
30643938653936363962613533303066386137306531383866333464623739343133663965666130
37323832316136323138623162306236626232643734653664633364646636633132306563616362
33323931303134386164643138323764613661626364346432663734333030303531333334383433
36356563346261366363303563616533616631373366386665366166663165383036333963306466
65363465633733383134353862373032613533616566356437373136323032353766383036613966
63663466316261393131336466633930623162316536343536663235356639316465666230306137
34306164353963343063366162666536303331666464396230313038383661373230353037383637
34343335633766653535373065313734346634393462393638373161373138656230633436376435
37383863646330636235633164373336653437343339373438356366393465336462396236613531
34643661376637316234643564656236366333636331633336313930316630323138613339636162
31636166376233393064376632323833376234643236396166613965373634623566306332363635
35326366306136633333333833643231343636363539323538383437643765653163343339663465
32653664666136623666386161633438356339326331346361326530343335343838633138633766
66336336376331613164666561313064643637616462366233313765303761633362396133623365
63613664313764613138653338336130626333636132323663323166643631353637646237343963
30646234306239313738633062643561653366616131626438313265346432613639333563623932
35333463646639613434373563343965396530336563666334393937383363303662633632343738
36316336333131353538656665386561326539333639316238346264396531393138633531616161
63326331653832353832623637326237653865626132623639666632343566306663346434643333
32313531356265613436653430616163366137316263313037386531343635323038373535363933
34616439626462323561346565353931376461326563346633646439313736313465333030393061
63613637363361336362376630663461323134626238363131393464363462613162666433366462
62643164386130376462643938363537326433383431333562386537666639646436393062376134
35323033363838373066396136616137393138303131623439373030633866343966623238386161
33343965376333623231303938326433353261323062653231383761633631303836623366646134
39376666613931336131303533393435383864633632343935326265303832303661333165643762
37353562623961363763326430343334313232383835653833376165646535333363373565396134
33656531653765323830313464373337323061353362333561633938626432306265636633393833
65663166313638663037376661666361613230356235353632326132663835333536316235323266
37353631396263333838366664383261646530653932343535363565666630663936666139323062
35343335316633313830333831663533646337663639613536393635666463396438316135663165
36656639363037313733353466376439346664636464333237663265656233396236356532326636
61386532636439306335353638646134393339346439616338313263626230356339646537313537
66363535623238336162356466333831393266323532633034346233333933393032383863666635
62393031646239366634396435393031663333393131343162666536656365396361663134666561
39343237343238666266616132306538396634653532323332353733386235653836366535613865
34363362646331363765393030353331376361643439666362363839323130643032353466663064
36393163656165653335383566303336633534616530323262613738333463393136393136346464
62353463386362626364353332353937613430613132363934326139383530666365663935643765
30646164343561346639303964313330386533613939636637313863396262333438333439306634
65616131656163303862363232363235626231313032313065393736633831393164373930313664
66316566633761636662633833323666333735386363323233303161623037626466653566666439
61663131353631376535633036366132663133626261636163303737313633396236306637626363
39396638643435303530646634663462386635383937633864613233353965643334306634363761
33626437343534396536363133336133616330333733666131326633613064643066303238333136
32316335323066383737613761653066663863346136346566633635623836643230323036393536
36333566343432656262373733306632616461626431373862633239336431393635326261386531
30656463323035383535326135633335393366373434346134643565633432323838373562633463
35313933663239376136303137363436343135313563326334656335643361613834636435353163
62323962366362633330313830303438373966343734336561613262326132393564333031303334
34323964303536333966396235666566353730336530373065313838623566636634326661653936
33623661383835656263623732396261313963313837323566383538613531353436376664633630
64336264383065323134663036623561613633363366343635303733656237633363643031306632
32336632343132663635616633333464646330663430326664396263326461303466363834393234
31363563366666306364363839633361373264613432626631306236616665353765643437313631
31663138623732653432656139346561656134343237393636623935323139643139353964383033
36316634316366653665666137353337616236656135633332343139653266653539616464366630
34353662663531663564306435393831363665353363633439323237643065656161343838653664
33333662313430666335363665613130393462623566386661643233643563353932313038326161
64353438353531616661633138306333616131643562626331383563376164386437346264636431
66633738353731386438323864376338626532346133306135613036386637353061666432313966
30356532393430663330643738633234326664396532393661663363326438316463353230363237
64623062363631316531623166623234343435373062396461333238333736383539393131306162
61343136316432346635656266346230636438313631373236303736343838626331623739386537
34353732366562643062356662613465613863626437303135613764623261646436386232633232
37666162363836343839613634373561336263623462393764333434656238363663396562393033
62366365383535373266353066653562366533303964643737616366353339373062333339663338
61663861666163396332396538363761663866666636333038343361353038393136393361386130
33653530616631646537386231383137326438323264303831383232623663613137393366336163
66306332323135386539353438313364646430636662343163326162623563346233663233653165
36343231366631346365613434353538646539353162323639376230386130386136323262346262
63666662393031346430656530623062633766323138646332373032663461623362346638653064
37343761373338336335306135643335633365613761326530346361316361396138393835343733
63366330626231303565316261646336383461386264353138623663323966383237393930383861
63633862346365326562663632323565616263383536306639313037666261373731623738633866
65343933663165393733393966393064633566366564303264326435633430663161623636656363
39396463386462666432326265653031326134313135363235336162363731353438363532336234
62656538633436663430346331663339653563613132363932356665323634316363366264373235
33366132303231303932633762303764313536313532356261626163643564623234356564386134
65313961616561336262373661663630656535653562633136333336306639333963303733616164
62396462653837346431646138383634643165653332306561623536653538626339616433363035
37333866346137356562366566656463383562646332343665666266613264666163393166666337
31633765376235316536333661396239343666323263393638636331383062636434626335383137
36323930343832666630346235366433393265343561646439383261353962366433336266363165
62396563373663303035653165333866303230373263383363363066636334626638316535326636
64613865383134306133363435333430666332323934303732626130616337613139383533633363
33646238663263303066623931626339326239663665306266346462643564663038373237393065
65626537366163383061386261303365386333336465633732373831336365653636386138333866
33326565303338333036643134343236623339623863303835383864336139313535336338313831
30343738333532636232386339353863393565346239653832613439323666336438356530633833
37316133353335333962323237663962613564656461633334643036373635653563663664376334
38386431356635393463316137383464383932326536653461323861633265356439623661333261
62346233616431333430353733376338653064376263653630386666333733316334623834643565
34306135396665623539323433383362353231383865373537313730656339303162626638333065
38626661336130663630643064613133656664323439326234653533643838303433363863323765
31656335383738373734393733643030663433653663343731363863643631623639373135303162
32633865633337356432353930373933376661313831663234333839306433666235306135333033
30626531376362633332363766306435663235636236623331663533303863396332383161633461
33623439393830313162656538333130626231653564663165343331326561616338653937383765
30393961376539393662396466326263396366633865623535376535633535346333393233613465
37386464343663616165363433303539376363386638336666376264363837633635613732386263
36306662313662373761336261643763303136363532633062353662643337366262633966636432
37643962646136656631333333316136616465336438373331393035323434393530303530306536
37373466303335313039306430316162316363633461373738363466663330633534623938313735
65356234663530616632653366616462333537396138366238366434343864366466343432323835
35613263653736626633643465393633373137343965653638383464323437613831633965376361
31373636306665366364633135626433316566613663653038393733616436643535336636626465
32373338346434636231623932323861363731303066313933663434616365626266666434643130
39636635393735613330656432636463326635363334323438373964343538316539313562623434
61363132353162393061663563353239653163623138393061653662643335323730653066326166
62373266353031646339303538363239663565323836653138306337383134656538616537653865
37386431313265333264323665646631363736303562653261393530306537316536336662306534
37636161366331616130373865303038346635356534623931373166616236633038336666363065
30326138613365386165646364613936666134653530643239366439343361323738346666353134
37303437363332663163393636346537653135383963343135353964623162663164343737323164
66663163666539306339656463316434653034393266356432393466633864643135643132343238
33306566363836326533396361613661666566636163313162646235323234333762376232356238
62633638643837633031323133343666643834326664656465303832336663326261663633346534
38303335306137306366633230653561616334353336333833363365313937653566633933626162
35666265393331653933656666363838396236316335386138353066383464353134333734383831
31396361333161633865356165373030636630376237333334386435653262656439613066393237
66626237626433633766316537333064653731393262353332666563343730633461393331366164
36336132636232363761373932323531653664353038376236303632656439623039363264313165
31373062396332633461636262353665666231616162623266646239393362383630393536363761
64353830633338636166636132343437376532386162316438623731343432376662376433643566
31356265336334626663323461383933653434613039383633376366353361373239646462336463
37356231376634613264656463383062326332393633323137303532353134336431636461353665
31383262333765653830303633333366303366643837623338303435333233366462373262366431
39326565306339653266303665393836623765633931343430663865323466393036616365303835
30356237396162393236616466653764386636623734393233363332333761363662376135333031
36356131376135393537386439396532666464626239323164653662666461373638366262626562
39383238333433343865643537376666633233363738393933336466653634383162643736326164
35343136616664323164626265393433323237663864646364323936363462343531363763346431
38346137343237633639636265636134303964393034623338353034643263663434303264663963
38663163656537383233636438313135653562653232326363363862363436653136333832653665
62383664653632386162636339656439393738363837653766663532616137316263333934333233
38363165636663323230366163363364303335623031353365313465646432326232376338376137
38633430666265323535373635636535373438396336323939333536313431643132343832363037
62626461373639663732616265323066656337353331616534616536656534393665306137346366
64353432363830383237373666626530343264616532323561323339303562636136333738646463
33373530336533323632346636616239633733666634376136656237343032366161383232323737
31656534363362356131323865393261643366353235633836653364383838623034356535633130
62303437643739303933343733343431336366613936393735613063663763373265623065303063
64346364363162636537393663626333323332356364363562306264343361313632386530616338
35633366653966626462656332303234383361333365663031396564633163663132343532306631
32613336616339383362373765663531353363623165373634353466373862316532363839613438
38373837323862366338646132306138653961323534623935613966666564393931636633306431
61373831386633663164626635363736633932636364366234653138363535373861303938373332
37636236306633306132656430373336393030306236356339386336393663663139383936383465
35636130633532653831313861323232653036356531393863643763656561613734323034313730
32346231383161366665333734373561343463643633393039366665313736306361623162363432
35356533386432666566663832656635396566636363396331363937616338356336666262376239
37363432623836306331313436626265316565653236633633336332326537323538643231333335
30623533383332643837346134633137623137623933373730353831363235396462396634623766
62653539623763643231643764663637626237643034346532333438663961386238643961383438
62316664666236326362376465613262393934326561613335393035626164653061343935373130
65363835316266643061316231363032643334363661386464663935666438393533623633653135
66316632386164653461666235346338623738366532333038313364336434366361343530626538
62646235636238373564366333633962393830623930316333623562666666623630653530356530
34663537666539323735306334633934346632623932303564616261313662353839393736393932
31396138346261313765313964663666643933643539623137633264306230643939346265666439
35366334633065316462633031373038393137326363633530623436633834333635373231666433
35333135366331623033613232363864666536356463383031336365643566333831643539343564
30643032646537303534393234376661373139393837623266346262663338373535303139323236
38363831623966653638633864616431373436613762666335626630613061366163613063306566
61396639643035303861386165653935663436313464393563646263373865356665613163653265
39343765653336363934393936383935313839313634656430653765346135663639323665373436
63333961343761313332386632336433316335363030643939383030616633646665633833303066
63633933646266323434643139336364353433643266383562616238313034656161363730353738
66373333613437343865623131313832366461643962306439323736383165396236326165626538
37633837336235626162653639613161646463326631306363366661333265316161333937653366
38363239626130323962656562343130316430663837633832386563623930613838653233613361
39366334363964336261363038333462343433613036333837383362333836373130386333613964
62323331613261366333336665626439643562623839316663623933323764373261643431346531
34633062386432383363343165313032656130303961653938333463623934306266376632633061
36333339303933626263343731396630326639333865646634303061353031346636393738613332
30626465633939653035333536653363343962313034366364343833333365366661633566666131
32633965343762623564363834366431376435366239653335633031346430653639666334663866
39336339643838326262396663653730363839363831306230663233386431343964613334393964
34313033396533656365653465306265336533333838363239666161623962623338333036646237
61643862653231633363633331373963393261623939353961346165326632326561356330313635
30366632623561323430303831366366666537376133346437373533646431633266656664626334
35323563363531633238363633336530376533306134376461613531613534643965326463616665
34643335636530643236393464356462323638323939343835366263663633663366643661613734
32373531636136336434353536623266633238303034326533313461653533333536636635393466
31663536646365346561663961623565313931333633336562666265666566343234373966626439
33363430353031373334383331376432633838633034323366346237333362373963393366356435
63613432353438646262626339623630343734323862313266343461626464346636353662326435
30366237396338656165393838353230373664376631356432303636326230656338646535623839
34373062626564316639666637653038616239316263343832636530323466636265356434306233
62613535616437373466643636366366326238313232333038663564386433643863626664343532
39356334393836636166343638383732613037373963383530666664353037373934396139666566
65313863613938373864666135303964646436626634353061326663626231363963306134636335
65623965343839353965313763316132653239323863666532383633376234336434623635356165
39373463356334633438363666353064303164333734373161666132623962613766
