$ANSIBLE_VAULT;1.1;AES256
30306332323765643666363865626634633735363161336264666631303464396461323366326235
3233613330356231653036363565306661323766663732350a663562626635346665306662623563
39613061343030363435316265323464346261626431653637613930366331366138613339363066
6531386366613030340a643165613762646438373564646335373634363438643864363163313961
36666131633632386661633036393037616535616438643165316230333864333061633533396332
61326633323866343165613134313634306665353438336161333364396238633865666138303133
30353631613035646537653734643837363762326439663964396264386631363434306663626661
64316233646164363634376463346636373666636430303363383431343930666330623566626138
30363337376232306539326464623864356433353536363331316163623361643933373638393737
30323234376331633064303236353238663633633363353039336239643037386538313063323465
36663532663237313366643564623433303961353765353961326365343263336266643338636537
37313861346339656136353331386162616338636432613139313465393239393361613131313235
37653364363934303930383035326633626634663838393162643836346231316530626532356334
64386138303138666232306163303739633435653736613464653062343765626438303663386336
66633364353233373863333735373935613938306636346339376565633436393965393064363065
61386638353936633233313863353761626363643766383032363136656564653534666266313134
37363632653762663438373132623732303237353665373533343037323566353233336662616563
66663032333266666537333136366138363639656464636238383565663833336264623463373266
36393733363233393534363964613066333531373166363632313237663136616263363337306634
66313437356533633933383435336334396564383562336131343239353966363530613434333165
38623136626566313831666635373239616532613661303839333565393565373630336633643065
65376539393961396665393261333831306362643462396264306335663364376139653864646134
32336562666232383761636462636631393263393732323963323561643036653439363730383264
32663639656336616264656635656363376530656663666262616630373632303162633738653639
37363333396339643165303134646134633638326337373263343161656437343937323761333264
64383133303363326565363032336330393865386530356236383835386639636136376564646365
37386134366230316236633235613266343334643534313238373766313063656264363730336461
33623466353539373130643035643339626137663965666539616237613232626131363932343662
61393664323135333566393138383536376266656536313166393763633235386530663031353834
62316136386237366236636564306135383235626435343338653731633264383436326339666132
33616435623033383665613035303462336135373466653631313134336462366633613461626661
64326162313866653838366462613462373131303861653061313238666533346534643265333765
31356662363238373936643436346631353164326134303230623733623533343537636231656562
66663863633863326533306364626234653237376139643262313831383436663038396238626339
64333633613734383263616164626235626261373536323239353735346632656661613761343937
63373036303331643938303036633236303162333361633634613239326439646164333361313031
31643536366434326138363332666531386432326462373664383239666233343563373164666533
64393134336436363335326137636330656636653864653136313738353139663862666236376630
33616336616263343539356438376339646463663236626332373435376465313639316466303239
32636564393465343364326334336531323139383861633963396235326233653233616139383162
63636432376265656132303631386339343331633539663539343261326435313166623731316134
65656236633736633231353035313765636661303965653438613266383162393238643637616565
37613539626134356335353631346261373735373435623838306163346137643339386664666130
62613934356362303963353830373566643564303966306565663766346631326262383063393138
62323833336235323830656538633061616336356662366534613866346536356363313962623363
33666138356130663839323466306535613164313764636333303036366531336463373233643438
61363066663336666230643165373862303564336433376331323162303435633034373933333632
37643863333465303433386130383836353538376366323535656161336463313465326139333733
35353337373331313833393363613562616435623361623533636638326630656331663630656566
66353866626433353837636631386130336263366163396363393437336238363037643037343230
32313938333861383030656530613830636232633263633064396336623932303064306565383230
30383039336463653038656133356533643365303835396433613239383530366230666465383835
30613937326332313334346333653636613935333430323366396464343330336463393638363164
30326137303162376535613633336137333766326632356236616237353038303833366137363365
64333339663066393338386135343361386436366332393330376437666465626131313334363934
34383261343831323434323366396639323464343261643665303835643831323338336137623939
36373065363333313361646330313638653433333736333264616631303230333735643734373366
63326439663335633133656663353961363261393235313537613163653739386437393462306361
37383730346138336137633938373034396465303238366236346437663031386461356231623431
37353731663038663132623531643032386531383565313337373532663064646365326562373766
32303431373765386564336537666535303234613231633661306139313932613631633965383063
36653266616437643634323764336134366330343366333335663832356338333933356335313335
31356131346534373261336530346433656133636562353862623637623162396664323532373133
30373562313037316235616661393136653462303839313432623431313665353163613664343333
61656231353363313962396666303930313230353038666230613934303838363934656334623564
35636538316239386531623834656332303661386339633332386165613264653339356632333763
65303637313635393430373935636161346666636161613064633435313436373037613031313932
37366332323166613361373963656630323161326632346433306334313334353839333831336335
36336638613535316539363762313934643733613239393437383239383439663638326331653230
32333931333738366232623734666232316233306336323638656636353965346361353032623837
65633665343163623835626563613330646135643230643831313737373861396236366530633738
35623630326435383232313131656464353964326133643432653036356637353631306362616264
65363735386431343434656230663362353932326130376562633832376635616236663133626235
38386365653138356431373533633762663034393161313030616332323632386532343464396632
36316438633433346466306535623930393737623538336365633634656665376464623831623861
62333263626237373261393462633732623639313262386132633439613636316432383262313662
34303030363238353761643139356265633166363363363666353166613937313937306163356530
36313334343437623833663231643636373164303562316665326563353262613539613231623164
36326266333363373761333237393337313831353833643432363265656266306433313736356636
39613661323233633231663638356138303639343133653663616336633435643165353865303035
30393466333331393339656666633035336661393737623439353536666638306664303431373732
62393336346131373036663837623531633964333836316434313039353035393865316338613034
65363233326466396565663866373935376134663766333165393338303131396633653335363538
66356663626565613437383138383964393362656233356662316664346264633463376631623563
33333635333636303938633231643432623135363666306365363434666539386435303366303233
31313839616338343430313866366130666162383638353262356630613664633135663139626330
62613035303063333866303164333832326661613831393064316438306331656561336338653262
36663633643239303766343332343137366531383630303664333835646663623165343436653030
64343866346662643938623863396231303934323938613261653631356534396537363964346365
32323937386238396338666336373833356661643265346431373236656633613766313361366436
32366232303465306564303335356437663735393766633962346536633664623833613037616530
31303430306266313131626338636130383966623535663738663537383365636539373766373834
34316433373234666461393264353865323763666265633165323030636336666638376639666639
63336161636561333063613064613534346235386239346138613533383233363161316630326331
61636236333937313730393938313133356239383961646432336363656534383638623534643937
63396337343064353037613931633239393532346666656433663965316131623663323238633631
65666265313164333435373662353036353536646661373231313138333266323831343863663165
65363062616331663362653739346638626463336665663363306631643437393166306337306263
31616630646332636231366161633261636530636633633836396134353935633733306664353937
35613064356365323461393437383232626431636532343232636233363365643934303961363265
33383837333130333362313566623731666531323833346364373934313861623965613836663938
63303134613833663662663864393263303166333966616134366134613933383534353664396134
33383363666637336234633662366465366165363037613935613134373164663265613566656335
66356236333339313532616466303338343761353133323934373333333332343833653663353834
34363038646332313231613731393137646338633863383137636633396465623338306466333163
65656365396235656332396262303331626362316536303031353031376463306666636566646336
38653335336266373331393830666234643633376633303632633639343264343639613362326234
62323139333932636435353561663161656436363439353335643866336634633330666639316266
33323965393565303536373434326433386565386361303763633966313130613639396538303066
65393364663266363961366634343563656438623562623865356362636436336239643931653137
36356339386531623533363261623063633166393538653961303433653933643464313034323733
32613465656634353261383166646661366139373061336531653231663161303030663239353338
39386566666432633938313433613963386464363664383735663639643232353938323732326334
32653735626130353566376637373137633030666264653536353063316463643636626532343239
39326135313332626635643837353132366638333161643061373734353561653966353466323638
61643437336238363238616438353435346637303164303635356364356264313238393339653938
32333464346335653732616164613938373634633533383661356131666262393230373862626439
61316631323862383561666536663632333033616564623739346437366665643761643365393335
66653165653465633231316335616561626161613465386238353835636364613536313662393637
36363936346637333939313534636266663032356534656531376432303734383136373763363337
63626333653533633566313864313737643432313764646234666534316461623035396235363833
35306134323861653263376165343764366231626464343834343635613939393833646637623136
66336561303038383738353930386561346563633233386265623533626339616330613837333463
33316238666464643262353434363738353333353037346631316465363437353735393961386163
62653533643636333466343964636235633461393933323133336334643933656565396132353134
30383033373163376663666537363763666464326632633362656630656566363435376136316432
36363466633939346338626534666663323164636166633839623565666162363962653534383535
65643933386337373761663164626539363563316431333335316330313064336638363036623938
38613731343462633736333439633935363563386233333566376433363661613039613333316461
36646366623736396334613365323162343165626537386534626563663733656634393366663064
62643138386164363836396233663837626265306261646233663832306431376237666237353432
35343463643333396338356362323361666564623839313436316533396263303064613065646131
37656562626130613965376261383135363838343165353839386361623533626531323030373165
37663661376137346130303234653532313132363862646533386234623730373836363462393364
32303832343735316363363535303939643636396436363965386538306661356632633239656263
31613838386138643963326433373930336231646133616664613064326266393436656235323530
61333861363165343838366238353939653436656464323162303032306533323461303832373265
64663563303834383362396538656231363931323538626132656262383439373461653563616363
33343432633330636531333866663563353031616462383063396534333434363432383839313763
62643131396338393436626532636539383266393566363731313138363462633361326335613437
39356161363563623664323437383531623531653137646631626666316165623836353332356237
62333065323266376432383939323464626238616538373264386438666166326663353064383262
65303737323462653032373831366337353061646362316534396137396264343136356633366334
32633938343362313539666337346462393834313037303261323664666234363934336239613334
34396661366634636164663531336363666561343737363636386331316464303733346664663434
38636537636531653138643237343437633364636363346163353661313535353430656335383731
32333438353432656134643263376565383361323138303934333933613837653934396438623337
36643961356239396162313330303131633731616236613237616561633338656162353766363163
65336338626131353430343265316137616231376664363533666637303966326263333532333563
34636338363436336663636434366133303264663836306538363636363035393865396330626164
38353135633064323931303261346338653737316333656661623965656539326365313233333738
34356466393337323638396136373463326161376530626230666539633433383762393239306235
32313430336531666530396133316164393033363330636330376466643338643531626538396663
39313534643835643964396132326162396233663037636162326435313335333965343730363335
64636363636163663966373034373433306338336235616264333431663637613762306439353634
38316465356132313634323431316339336561383263316135343434613839333639653763663265
66306633616337646238386632666132313265366634333962613237323865353231353338356336
35666133656435313730333261636339323133373930393831613134636262336238386164313432
62623630353866383061323335393962656266326133663864326531373864653864343962386339
64336234653862343038393531393463623663393266353739626664353337306335376431623535
62353533373966633361353463666364346431356331303966383931613266343438353563666563
35653165386531633166336139386535383762663230393165323038633661636262316237386534
36313663626636383639623639393465373136303565373833383938356163643038386661633261
66393331613664393065383962623165376534363433393037666637353432636265613733656632
62326238376131316632343561643632303930396163316566316164306564306538386132313937
63663937336434623966313661366362623261303739373631393935316333386631663661303361
32343538316464333566643336373239653666363338373865633538353734386132343666363532
39626539323364653362666231316130323761363065353834396236353563353866303366336531
66616662313138393965316432393664303136343533313335376262396635333230613830383333
64303631373462373631383432653663326464383239613561363030633630636362646330633636
62373361393938323635613363633735346566313631383932333839386634386534383532383462
38663239666564663666333334633931353637326139313364613438313532303565646533386338
35376534663162383964303266326638396464643631316164613536383230323039666663366433
62653930356437353165396533393563316330613265303733316434613566366332306262313061
65663234353931653232326263616530316263393963306233393033643036306333313339376434
64636366336135626365343530663932303434666561346364646635643832633332373938373436
33316137613434373464313834623131633236373238333137653639343562623732366639333030
65373763663338353066393961343731633838663432316439313831396536396438636263303861
33336566303864653236613163353065643962326430383165663538393738653462663062633734
33366137633866386566663538346163633934663139663333356365386634383835336164303664
32373765346663343732333233313864373861376431396135316338346132326433303937313139
30383263343962656235303131323532663962383135653631653935663135643239323735306363
30363664316663393139666466303166303036316434653438623935646639326264333061316563
62303663643133616264303932633764383965663530303531613538623139613430313330346464
66356430663531373437353737316438396331343236343537313766613932316432306630333535
65656633616431343461336339373735613235626337306639323132383236323138663436616136
38653735316464326333363135393636393864346437613364633533396439366461616534383934
64623435626438666236336132383266666264393563626334393237396266373561306264373235
35353335316438646162366232366432303761636234333531343933613138383438643835333131
35626235656337346136383930366533623166383238643561343737356366313834336136383066
39323536333530353835356261326665343661643363303132363638386135333166333137306661
35333639333661363730306262663331386362306161323034383036656264663139326537373562
35656330303330623961396565666233323661656135373766666136393030643865656361343862
65633462616438313333666238353734306165366438353630366532636536653030643933386634
37666362663334363263616232353863626137303166623439353237663436316531643263343863
66313966653365356338356237343761613238613136303161613764353136613363313963613737
38343932363238346565613164613739393862306265383534313137636432663864653563333633
32376335366664626133363033343337336663623861613764333132333032363135626130646662
35336262663366333132313234613331663961386665663332316634356130363439623636303537
31643135363139636566353839303335356538313137353963643533643762336565323261316466
31633832303131396165343836636532613234306636383763656536666163336131623530633562
37313238346133386238653164393765323537613137383837393134656630396539316633346462
37643864363365623166643336306433633639333934636163353264396661613235336133383566
37616561346562616263306163646631663762383931336436373431303139343834373833333065
37316138343233366637373831306633386462633933613937303632323065333066373461383264
62373634333934303866323863323766313566336637393139383466626634333136393032323639
38343165316339356464333534333861333563306461663636633863646337376165326635363665
34393364646537646261333036656433306436346166303631356130613866633137323335333130
36356436323062323063613764393237326562643739633733326334666465616136313364313436
38373664316633636339376436636664306464646431383561376661643037326265326230363033
39623563663636393066646461316336303865616561366638626363323939623334613964656437
62363732663030653266373538343737323232313035653431343833336537383463653863656261
62313736336165313235363039633164333965316165343536373232306365636135636537373761
63646137353636343564653135336666386630303131646662343530616539373431376266356463
33636332616663383661396437336132343966333031613231353861383164313831663362303538
39623232343234323834353432633164303032666561376261626639373035373430303535393439
63363534613530336539366630663235616161333239366363666339346361613264
