$ANSIBLE_VAULT;1.1;AES256
38633933346362643366313763646132626232303632623766366237383831363739383137333837
3963353463663134316565636438616261383036396261350a363832393337333132333337646433
34393931653037633562623739356631303233316563613030376432663366333333363435313636
3735323563666261310a336363373633613933643036613333353861313262643863636631313335
34623238313537643233666531373437613238323031373665656565366266333935373862626564
61333036346531373131346661333061353633326434643566613364343765666237366331313536
65323636373664333763373161333934636666646532626131643865656639366530373161656238
38373564323532373932353639396234386231356337626534343238333337643635633632613230
61373163343433363038336430616133626633366663633461333234643637393663343132386530
61333363656639346238326565333339633539333938646533626665353066393835663337383964
39343163373132613264636530396261346166666433346166623930663163386661316131666132
31326137633835356630326665616462643931336463343164643836323133303861666239646564
39393536646635616138303364356535643164323231393265376338353334383465663961306263
33373334303066666432323433323435383861383564353631666135333262353261323235653265
35656531313433633937653462646562353638666335633662396634663662616363656265393164
32663931396536373462613561623965653861396438306439376432653139633530396438393538
32643136663963343937343736653431303535356536373364366134626430393031646239393536
35616534666239626265613137306532656432343738666636333636616434363562386263386333
31323137373764383139663066613137663536363934633038313938396164386534366430313734
64346562346334623832363732323833643464303335613837383237396233373362363833363262
64613331303733346666386637383033653430643136613631613763646531353038653039636164
65623835316663323839363931313035373637613263363033373834323565616333633333333464
33393430326432376436626538316139333038383866626530383638343761343132393133623431
64323730383565633539353938323039323964316238356662663935616434316332326466613565
61386632656662373233343734386435656166316134313361373633333265626438313938636434
63626334353735346433366538323738333339343131376632663437636230623332626566373139
36626238373262383933623663646435356334303634353062346630303637383633653032343130
34623737353465306232383735333034643538326338643934396331623862373538326333383066
65323437393536646333376136656135353764343663393336333532323432666633366661356230
66356138633364343430363037316634656236393632646437656131323261663330396334326438
37386631616636383135653362333663643937353036633162366163623733386533343030366232
61356433626638393737623665653033346339376263663032353064663136616162653463373234
39663934383561333036356333653134613563303739656363313831393532643235373665666233
30343164363634626235383233613962356531326338393030343338643166343033643763323866
62636236376130343866393537363965303335653161313134353765636130663832346166666137
34666536396564656239363730363431616262366166613930383866373163346262346637623037
65303937636137656463343437343837626239393932613835373164383939303130636661313738
65353463646561643137646635356336653338323762363233316634643065666534323430393565
31393734363732623430303539386332326130646335346133386532333335663833316434386163
33326263356535343663616361366532663966623739323338333730616136343935643630336636
35346335643332343966393062653565306166393665326564653136656566313033373364663536
39623833656230323837356266313861376535656635313130666563386333623631353633316134
62633463313236393634366236333839643934346231626434373262646437663038313930393730
39323332336531616437343165316534366530616133633265396163643632303033366165653365
61326564623833653932333162343966663838626264663763363762376438323535313931393837
30363138366332643162306266663661313038633432636662356566333139626465623230313965
39653361663165646137623365336537353565653631326533643532643832356564636331636134
66636132636563626339616438633637373439623831363835363831336233656337323232643736
62643832613235396536353363653738623836356362303939383333303332356662373230313431
30306565373938323461643732376663333739393430396334373161363635663838376363613739
61383263356235366631383962663330306262303261383330356365653330333166663136616333
38373636316333623966323235386537313533656233346564346630643033366538323432326136
30306461333535626263663237623066383161616634623135623037386264393363643539383631
62316330656666336266313961613933643138643338343430346338393036613036313736313230
38656661343738313063666236616162323330333534623935336665323662663237373435343039
65663562353663666532386532656463376164316163613661653833623365373466353535643865
39383465646339396437346636626530303436613432633265623735323439666233393033633535
30346561323534353138316533396436633866633838653166353263613030626166653832653930
33323730633236646661393036313836643366663263323439313136663932383863623230336536
61393231336131333761343962643433666336663834353336653837363063616264346436663530
37643661636161373133653932616364663733376635396363356366656262643631633865323633
62396265643639653333393135616437346239636262616261303762653435343933333439383365
32666534643830343961643638633331363066336664656538393135343865373064653865623939
63633661623033666135353962613438363165366137643162636135373133376430383962386564
37313164336339343636636137616239663939366632383462623764613138386465316135346437
30333735353032633663373335313933626537326135663039663764323561323533633062306661
39656364356636616464666537623035613030333662633630353431343434356262636362396533
37613635396132383062346235623463383261626162626562663566666266666539623464306164
39616536623763623431313834613863363137616136363732303964356232626464663062343438
35636531643135663332373933653765333363633262346536323131383063363737613465353732
39666630333834633932303164353132333130663336663661353639653739613462646365336534
64373034663866316563653364303736616363343737316130356635386433313331633531666433
39313033366232306339323438663535343530633634303263386330316131366566306463623037
32393433643462656636323638363832643835663631626163356339646461663134383566336634
35633338623932323736363738363735383939343866336132363861373531303530383166393630
33633835396263393664386561393730643132633733613536613735353065323061376261373961
37306539663162383335333331623662616134393536626430323338643365323532643437663635
33666131656236393264663461663930623330303765343263616164313132313162303930333065
36613832306331636333636563633064633765383532353933643963613733643163633964623635
36656364303865333665386430613861303166343638373030313931376465643262343337313734
62366663366433393062356532626334313535383737656235663063343561646433613635643961
62363730613062633431643063303137366533613230653536356665353939326437653833313933
31336338353036303733376264663730313337343938623365613838353132343538333562353863
62613334663936343765613263356166376433666236383061643130313863336132386635346337
31643639363566306237306134373637313332353362396339326562313938373230373131663563
61616630356132333831613935623335353761613131333431303236373564623064336133346164
32646165353364663932646430393735636336373734333031313964353564346134353733373734
35656665626234373634373330656534633835306432383261316238333732646135386233363239
66616561323631626235633935613838643334663632623037386661366437366234323364616261
37386538336561353264383361343032386338623163353836633164653663663735663165656135
32343665366163353933373635356137643964393238323262636465376662663962376230663664
36323736663265663132353333623639373338643733613765326365643037373536366330663535
37636563386530643830636161663964613834323261323632333736653933373763616534316636
31653966333435333031333734633232383635343364663065366432666137633262313735316138
31306666333236316533386536333164353436336264316335396661633135646630636565353762
66616139363037656561373133653537313963353966646366303935653432666461626635663130
63646466616137643665363963346435383736326438383435643336666538653761663539666330
62376236653838666335356265313937316565363133363962313537333765633262333732323139
33326263356233336230623166353639663334663961333136323864366130373431333139653937
31333261663631613430643531656664303463623537336435336265366662303336336163636534
37313337346137326363363137326434323131386231393736343464386338326330393261383434
39653834393566396562646137643838663463303532306435373765356234313734326230346133
61353334613663653661636665363336336362623164663938356365393135383535643434663035
33396631363365396161636162333731653766363930363832636534623763613136313030616664
32613435303139336337363864653134643965363132326265393965356131626637663731343234
30353138656436366139663233303063373930643932363634363235343838666266323031623865
30313264323937386236373263623663376466666262613561383163353337353962393666393639
35383764643732386263636366656362356563643032323634646236313261633634663737386135
61656365356433316534323565663761333964643833323836663539613962316161336666633138
64626539383861323033356263663036646439623661613130346639373836613463303038643065
36356562396265333037393031393936643739666433636230316434363432623433613930353636
30363235396530303961656634643431666338376661646464313933343266653935383561613934
66653434656466356265343631306230373834306638373438333364373964363838643835313663
30343433616332333864643162363239356432363135633735363565633561303030353638373238
63393831646139363235303130313136386265303063646537633433336335666561633663613735
32346163373034326536323033326232646162353530643235653465336633333430373538663138
63366636363938313434393631616137323139383130306432653139626137633631616132393263
65383930643839666235363732663266343438383837386336396436366534646537653434343637
39663562646566343261376633356563613664376338386231353331396233383165363061656138
35613230323963666438613433626462636265333439313566623063643361636634316230383934
66616566376263396462373363313037366164623633313363303463343334383966323364316164
34353262633232613237333934636266663164636631343736653537386233346234393838646534
39313932316364663866303037376366633736363036393838646663616437333234353431376164
63636239376536376334643565326639323030356638653137616165306464623936613736333039
65623137653463353031343463616136393366343266323234643631623132316164353139363937
61316432383564353164326434313734666362363864313165373639663035653135643539613338
33653763653834626165663835393437646566313435386265386364636462306333643433396530
32316535346432643137383166373765346435626634303931353335393531306530383466356539
30656664366464343538643163613737653961646266306235666336636230643563313261663535
38626365353161626465353534323764636563666665646537303038376462353530356439626138
30653231346537623966313538643138643437356265376431363634316537346462393038383737
33633938393633383833333765653730336366323864313263623234663966616561373030656237
62383930323634616334316334643334313030613833613830386665333364633664316639343432
36613065643237316237653731373438303533386231653835306366363264623634636465313965
35373637613663303766333435623662336637346334356434626132323865306266343864616335
30373563633537653039313233336537396563303930646138633962353865326630353635616166
38343331383335616161363764316336306432663832323739323138343632393663346135623566
33643866353637366339613564353166653430333538663465666134396239333139366366373633
37656331343437353966323665346663313264356538613635336630613666363631613033613533
64373965653562393733373831373261643632383335373131653166383462656537303831623930
65303066376639316164313935356339633730316130376235373166333433646164333762306439
32336638373833656133623730633234613432306364353531343030393765313564633962303337
64346337383239643665313364653461376265393536303839343738323936366466633266336437
66386437363562666138633836366233656236343364303066633861313738356462366131623265
31666366306532666530643737353164636264336631313265303563666331636662636165663764
34316439323833633130653838646237356162643061346662333165653632336632356137333362
61303536373563313731346430626230303138663435316662633564633764393264626131303338
63343466373063363338313735643637653066396535623533313033623236336633616465616634
34376234633737373438343736303737303536653630316232316131663664633830353562353663
63653434616438666235323636323239396230393731353764323330386266353333363032326430
35343164336562356262333633373363333966643239346234383233323664323139623365366435
36616133373734353432663465393734326663373931646230366134393937353664636365303034
63396239383836333734323832303530313534383162343533393862393236323562363630643936
61616335306639353732303338373139343462336135323738383034313165643238616635633266
62396433666162396137396566653038333564396535346338363733386364313130623832333832
33326639376362613866613530666138313763343464656561386239373761613263373331313434
32333662373464303165613135313865313538313666343435373130343461623030656136316463
35306535376332333965623937633235386437343631393730353066666262613561373436323233
65623631313232313933373633356432316532353634363330323965633963333632636561623762
62613063346662333731663063376438313037343337393033393930636335303138653666636335
65366133653732356533653936343438613264363762306163363361303764303731306362653365
39333465303135666133366639623133346264653030303731303237343936323664303262373330
31343832336566386535363364313563346139626339353736333439326165376162643263396433
33383132626564633136633064316466353664613861666336643435333238396365313134623866
38393532323335626262613933343532643432356232336331376236376238356361353730366532
32346361616538353331323434333934666361343435663730356663613963663837373665353635
62333830333365336439303136333166626430633433383961626563613537326432316138343565
37316330653238353131343464396265623437383637396237396337383664326161393865303730
33323535356334653838333032333863636364366439323065383439336661323037646464633664
32656663366233636534623963346165396331656237646534313339333266386530346661653535
36396237623162616138323166616137663864313837343936643861653239653936363131663439
61323465346334663965656265363731636161663332306462326235666161636664356334346231
62376665326431633064383036373564626264306361363561336631383164366463313233613539
37646462653362396431316463663461343066633930373434613339336433623364623763663733
37393866353863326334646333316139313965666639386666656231323731323237363036313163
61623563336132626338356535356531373966636338343763633732343161643563323932306638
32363831373164316633666564306234623035636535643266393339663062393035666165363834
39336366626438306139656661363435323164343863363130663534656264613364663763653831
39636330656331333966346432643261633435313138633865643731613436306132656333346330
32396439616462396336333832373262366334306336656233356136663335653561393363656262
36613331313033356465326531316263393531643262336130393730326239663862376165346533
64316638333432373436646436303037343565623365316633646263623937373364373265613330
61366133653738306337646232383031363631313165653130333464356338646230323266666666
30356261643166663136323537616663333037353130393537306635316336633230633832373063
63366236303336353132633636666234643930616464306265656639396537663339356462393661
35393165316532303464616463353335653931633562653265646664616665313464633136323166
33653461366131383261376634373964626336316339306166393631323138653938383261613063
63633631666631643734363864646337303039656633636463623765353931383033633039303536
32376363643237373863353361313630643830376332666461626333363830636139616537636539
37373632646464666139323561353631623833643138626535663534663736666632326239653466
33316235346236656238663932306262613536386363346633303364666330336230626431663166
34643634303064363134636436336438353134353861373862386634346632316630383533373265
33373266633136323637383361616635336462306632613261643466396665383034396366353835
62626139653563343837663032653038306338306232343362653435393662616230356661636465
63363661656430626263646666653638633936636164376430313166396231663831623931343764
63366362663061346230363931313565656635313563653632346333373461643435343034643162
30646565366434626535643239336134653836336365386263386436393438363462613532326636
32353533623064363563623736396166323236336437373532323235376530626165333332623336
62313763666663323533633866616462333463303135306339313935313861653764393839323064
65383131313866346638383933313361653734346132333362386336643261393161643435313133
31356564613064363366383138366230343032663533316439653638646131366366323366643138
39633061306333646664343539653734626664393939333165303364623063626565316430396430
39653632346539326230653139636563343631366335656464663838336235386534646264396133
63336239663032346339373730386430396166613537313165353338306535653637326635303065
38633165323539623631326564636365643365316665663361333137386433613963383737356364
30653264303666653936663639333831323035333534326661656439643464326130666635623264
66653764373030663536313538393565643133353737386463666562396633336561613737653264
63323834626535333834313230346337306433656130303233326534633366643037656432393230
63336630663136303238346333353039613763343336383138643334353639626164393663333832
66366638386434656464396133663266613736313462623562376536363831396536323365373235
34333465386131666637656638393033303662353564363438666138303862363762343566646330
39376439623362663635313363353634396534633732656362386338616466343936323432633965
39643061326661666639393464333966366138316263633332373766633731386161653034356130
31393638323234376538353139613336333461396236346466656364643438363966336663313164
38366465376136626561376638346231633138613238613462613234393138373831396565313239
32363032643031373937323235306365386338326662336466656635623334316532643736333133
61356234646238666537663063663230636435636638346433623935346534363366666137326136
3038623334626266633437383661363238623464303538323830
