$ANSIBLE_VAULT;1.1;AES256
35353031363738613466396631383737656361353035346364626436306432363332653232636464
3265633230663961623635656662643366653666373238310a616462323835306265323337333466
37616635383639393239316437366234626233636338636335623437646466343436643963333162
3237383032323230300a366431656361373465343232376233616638343965626137666462646137
37626630336539373761663363666133656332356361663064336235323831383566623037613565
36626365363331383262643733653439623963653633623432623266333265396339393161336435
63636362363531656438363533303331363066326532343161366265353032636635396561323565
38356533393938393635343061623937643061636238303463376334633033653733303662306239
31396365343633366434306465613239613738633431316139653932636133613138336430616235
36663437663637303830306131303439656336363730363035633732316664346135623663663435
34396161356461383231396631353839386236323231353466623332303935666130393364636434
64386365376466343765363266383161656363373030656566646165653837613130373835623936
63356230393730343062343664653136383037303033666364303930383137323236646130653730
65373438613465313235393361346239616535326366363238626339383362636631393233633864
31366662636364366338333235663462396562353966316439313033393837313563393662613032
61636264376432636634373339386332336533336166383039356531663332333066383333656565
65623439656432623862303034326639663631643864613738363339663261323530613732383038
38633335336139333636646539356364306162623363313761333762616434353230646637396437
63306538626430306262343135623037616330366231336464626439663864626338636430666462
31313663393965313532313237646532396465663333343135663633636130313437653539616332
31333830383233366264663366643635323531396630623230623935323665613934343536363134
66643633353436353939666333323934393830313666366362633266616461306461653934336664
64663562646262363364306535616432353336643530653162393966656662623932643466626439
34363333396665373330323564383132616631633133333334393738383436616531356464643365
38393330613566366166313131636363313031396333643065373435373562623761346132626165
33333561303635306335376664396466383361626438363535323636356236623739646132353236
62303564616234306565393034653062333634616465623436643162653034386530373734393135
39346337313036333465653534306238383662373537663830646565663736626666336335376561
36303737373335343739313439313766633934663762323162333734383536376632613139363034
38343162613535333937613534353037396564393332383564613962303935336162313662323465
35323430663166616331643935643139656134633462336165663136396166383535656166333061
62633163306335396237313961303435376165386132323866353961653338653435613636313264
34643737643437323363643765616633613738623734653436356132306364656530636139666338
63323231383762396234653932336233303030643833333162646263373136333533373336343732
39316438643638623964303564313639343939633335653566343733343134336138306432333438
64616534313833373938373539666531376234616161373062623233623030326666333231323465
66356265333435666430613661373936386161616538636635613761306137326131653331653533
39346437646263316165386431653030333365373434626361623637653132646337396236633362
66373165616465373032653432633035323534646262366138616137633966666137323838353961
30626539643239316532316666613933343031366535343361626666393830653634383934393232
31646462336531303632336563366462613061613139383436356430303864643964636538313264
36356365353830613564383132333533363464643364623239373633383737663162363436623865
63646166656165306463376133326561643230663337633366333931376237363863633764343332
34393562366136363539336639666330393565376564363735393331623139653465363935616264
37666663366533653263646162316165383433393037663665646339306162373562663863636339
34653130363338323566343432383438623561623861626466653939643964393731616531613533
38623431653733363430633534386630323466653135646661366538386537396531353730653164
39373236643538303262333432633230646666363139633439373731326262333763333035643035
32333865626436613732366635343532373636653161653530663464303764643638663130363634
63653135343264396364626565306162346261663935336232656666633831353537666634303663
63386335356565663862306135653363363533343139373131313636633065316534653838333563
31383666613266306432636638393064326363353639633436646437623638313133326635623833
66353530656635653637613031626363396634623463663633643231646464636661633236303432
36343431333933663435303562356164333331316335333837366161306134306566626162353765
30383032313162373732396232616133333637323966633734313536613130313732663162343434
31643735346136353539356330373263323534353764313464616332356337373264333730303866
66303461333532376335383036373934373634626261383237323038396664613466326363343865
36333032643962313463643035366639666265326662633134353234333064306162666364303939
64386234343465333466643864353933613861643330613562306330343166333436333136326430
37336134363564353733356330666634333038653964383738303065396364666230376262376564
32643030383761356136376339333934613863303739666161366233333463306166393331616332
62643961343966326537313562396637353135666636303632323033646463383932653137356437
63316436623836646632653462636364643033343861396236653831653730383330623139373434
36396338333365373861363034323461666331336636373439656538613334376662653034663739
66346639666630366430643730316235663165333234623961353538393435383864366332303036
63313466383039363262306661373339326638303133613332623863323861303165653737363438
39666131383763336363613331656134376461613936646262326661613836396637316630386130
35393335343933643866623631636133623434313937633563663065643938353961343663383461
62613734613534343234373135343735326636333861333365306531306238623637306161656262
30336331623464323262333661336265356434346333383632353834333838633334376661333762
62646264313137666330353537363232656138633665623836316465316565303035653735653032
34623466363134663061343038353666363333313266363164313236306562623230386437303533
35363531343061303661346531343131316438313963323536356630643033646130626664363531
61316131303162333562626161386561396564396661626663656133623731333137666561333334
64396238363766306130653766346365663566633736633434306466653165623165366165643938
31323834363338333130623065373465373131363038373734383466643332326563393564363664
37373766646637613132613333313336386130653438323932323365376464613662663936323337
35643362323038323437633137626634366135663965383137396135323366393939313965343430
37383839643139346236343262616664363763363665636135646437366138653762353162383930
36333164356566353533333234323964323435643766386232303331616438333766333334313863
31633137366433626332643838646538393462616366316237643736363566366535373962353830
35613637666161383231326665643964326362616133353965646262323138333733653938306464
36306139663437313139646463626435316532393131313963323663623638313965356137373733
62666664396231643364396464646565366165666337336463653963343034306461353034393364
33663039373565356563353538383731666661613732633465613663393633363935353763363738
35316433663136666535366362323034663534653963623366333962393065313731323433333839
31663836356162646666363534366563396466343264623963306539333465336230353963333438
62616261353930626337613133366638373538343265373233633236623765666637636630623231
61323063636137363361333035383234383833326134653365643666616638623561643637643935
66336237323339626433306365653138636562373363313064383662336165383662643833363766
35636665393266353038396537663937373436363736623131623062633431356237613434323535
37386337313263393230663931383633353930656165363437366561316665313335353334363030
38303862303235393832326235653463336131386665663739623031336163626139333539303562
38346330336234373539633164626439613436666163306463343461393536366436396435373636
36363533326361303336333430343035393639336436643739643433303332663932633632386363
65333733313962626231376235303963393337373736313162323530363061663038613731663033
65346562356331633662363362336236656531656662323061323536646162376438353561363934
34356532333763306661633064383139613032326261313964643434366139663333383663646534
65376530333131366532626233383930363266326332346435653039313161616534313430613532
36343437343764326533646435373837616137343334623532383266333130306566313738383539
32323965333366653932646537326538393034306561373736646266373336663862336638316531
30333337323461646162626632393038613363613434353165303961353934373531313066396533
32613665313038633635393139393666666639306564346231343438613435303338383066653634
39363562383538373438666430376235316434613835363430653034343565363134306366343734
65363963353438373633643234663037373436356533383131373263663735366539323663643065
38356231646665613961663934636239376133623736636565613862646333383937373234343639
30363930656338323963323832303163363831373265616163633430623136353861373534636536
33303539666261663131333434666137353732336631643437346336663336383131353466333735
66386339393463383138643831323338663037613463623639643239386132353734653137623839
39346563306430316634323566336638373462616531663236366235623739366136333937383766
62383634366661653534666436633233333738373836306232636430303837316663383463636266
39346633306466623134663061386330353666336233643366643233616161396166663438323464
63616562383738346137396634643537333264643634376362666663663162333033343937326365
61376365313666303733653133353262306536643230663435323536333938363061316463316432
62383636393062646335386464643461313235633461613639313537353061386666633433363436
32653263613937326664633939386136636664393838306662616364653437303333393966313132
61356636663231303835613139633238356232633538666539623265643139653564326465326636
36663964376133626536316531326563366561666637303736623265383065363531316134336234
31313263393030393263346135323361643865383263643465306636396666316230333366633065
65656433316530356630363766353235393138636238323432623062646366623661323631303435
37356136383266653635306535393930633037303862306337653962636437363765653136306137
61333639643261386264643230396466303764353966623131623563383662356636376434396165
38383039336161646630373237323837343062343861313139363466343662326231393938643336
63363537643331353631376263643431663730356636333531303932363765623762316633383862
65633836666534353033356362323832653366393262383633346636623639393535366237643130
66393639373633356131666436343339386166656365613036646639613036613534393737343934
39313235303535636465643635343132333362373433613031616138333639333535646532313563
65373364363937363232663830663834333032663534356436386339363234623731376364623937
39643535316631313236653630316330353063373238313536633938353862346439383661306434
64613932613238333238613736363439343832633036346539333731663736376230366434386530
33366433306437346631306437646235303263336338343133313031646236323233616232656134
37613764363235383432646235356632323531636562316339633430356264633931353634656664
63663166313836343765306639353832346266626639326565316232323636346564613430363365
64333961646561643261346437366539656464313035393035366236383133376239636131386633
31313136653636626234353236336462366564663465303165306566643433326132653339343137
38356263336431393534393036323766363936653965363833643730323866386235666436303932
32323235383033656262383866346139383238663963353163663837633539646136653336333033
61333739623064633630346630303033626336363439616636316631353234323366343937356236
64666261663430323166306434613362396561633964373233333634643562646235333637383463
66383837663362616633633233376339313765343138383833326163656233663732316439383064
38343264656235643436343866316530656334666364313633636132613863626535336562386430
66306135393534643332356532633139333134643931363032663663343837623030373766343932
34613664656534653465313364393133396439646530613538336638653435613233336464333633
62653738643664653062323235373364383130346564393030316162623933303634383833616139
62376538366461626137363762373930346461626366336262306264383639346333346432343961
32313537653434393432336535376238316636636665346562383535396631656264326236306563
64633466663933373632613337626639653139393866316532646633353737666164663162333034
31353161353533663938306362376165626132396538656330376365323664316437343135386431
31633064623063616664336334373766333033386566313534623532376366376539313632646263
36333934646635396235306234626533663562656565666130376338646633326436396231656433
35613939623838323831366463323866363437646561656362616463303231653337383666616664
36346532396431626534356637386462393039323938633832376133626333366661306130303732
38616662363763663162353061326461336561313531343065633134643334643035323635646238
66363666346566646165376633386162383534663539613932343738663531386136373064383139
64393934626364396534323638356138666562653234643539383137333964373131666338653636
36353062616161653664346530656465346263653834396561346261366337653163333830333737
30363161326237373432613331386531653361623735376538333238373733336435316265303530
38613138356633616163396162326261633633373638393030343936623466303864646237353936
65636131613737666665306364386434643662303435393438356139663833393430613035386437
30306434376365313331643634643966643238333363303135353362376466383365633938356337
65323164333933663864326234353762373066343931646432323638386262643235633030303430
37663233356461396332663435306262613366633835393233323931626236633038666133383466
66313735633037373162613231613739653463656335353938353336313931323939363136616138
36333763303830363465616137386563346261613663363238373334346530323930383138323833
32663438343838396362356637336232346238303064356239363632316238643030393039636137
33313133393434333639666661656638643931306463646661666338646561653234366430653666
63646538386535623630663832643930643139656536346539323739316232383463613232336630
38373831653064643836633538306166613463343931346661636365633665396432376237626230
66356264643662353364393834653534353938393662393232383762303539623162623763336466
66313039386261303565383536653939393066656531353430306136333737303535653237353537
33613731633133623535373033393639626365623931613539306438666433633333383031656134
36613830313039623735653533376536633064356638366331373333643564363838616234316331
64366663323530396463393233393838303266383464373935316135316132303336633237303333
36303536343232656666303434313936643832626536663638613764396535383034303566373630
30326233383733303631613966393230623864333439656663343661323564613331303038356530
30396336653166653936393832373230313838333561386132363134336163323631626633396430
35636239643935336166313935373465363135306137376632653236346638623632333365326565
32346465376239643431366432373639326337343762643462306537663930656439336634303536
63653262646663303630643662303363346662386131623833656236326430346433343630333836
38396331376563613234396666633762303036383535303131633839653839323731326636383536
63396530333462333835383530636535393666613661663634343131643463373731313361343463
30323734656161636364653566653431653030613966633737646237393933643237656461633931
66313739373963393138316561303166626162643530313731663561626162623666373937393061
65376532333339356636313533353234383833663062643961356161643161333065623533343832
65353637376330383666613031333135663135623032633761623130333162373330643763303431
61616434643061636536643732323232626465613438356235303064656234373235663530396331
61653032306166663262633261396632626234666232396135616636323265346637323764303735
61303039633137326266356264393164336463303861366232626161343436313633636662386561
62616131313066313262373565646634376664613765656232386436616362346632373136663236
35643563643361623739613362643933353637333661353634323566643130633438613361346563
65383937303639663032666530316361663633666535313339613738396139656665396334643937
31313263613339636130623039323662336637316237646463333237613463313365353135656637
32316361333631613933333539306133613132636262353762666165356533613731363738356566
32653361643364663661343731356261313365303138336136356431353065646638613334336132
65613762363831316362306662326130323430636461626231653238663230363863333433373965
62313932633839386338303432393038353034663735633164323161656638333433313566323663
32626164653638383135383562383265643462333336323764653332656638386265343039633338
39656630333066383863376461366239653639343239663038356361306637626561636263303331
65313463333930663433353338313335653036666131313465656161653937613162633834623937
36356139313836623665366530343338633864646432386134666438626239393135633261633265
65353130616534333539326132393832353933386362383632613162656337333637333733343437
63303236376139393262343064623030613231656539616631313237383663323234326561356534
65343432653537636538343562646564353863316334396135353063373361366432383662646537
62396236373635323562323730646630323639313339663761316639643139663330623138353531
66633639303633316434393930303536343961643935363831353936373665343839316133656538
66363837663862363235303836373261313035653131373063343437323934353831336636356638
31393633333262663262626366386365336532316336616236616466306438653461643265336532
37346130646664333532393838626233613665336539616137636665623262303030636537336138
63316666656230613763363463316539373038323862303064366163663439363161336361366535
63613130353663306430663233643064343936386366663063656635626233613462353530623332
63646134373038643438656363323838373764626462613333393530303031316631373331393339
33636135393938303864366365613263626135336163623130353436656234376233623762386363
38313836373266336538393061383163343431643536633630633835336662623636613066383938
65313762303035313738303931313932346666643562316264303231313034633333616435326131
30643433366362326266643466613936653961333637386338323234613734613964646138343965
61623366346334646136393536323433366663396333386237326666366636643532353834336461
66366237306166396532356238313833613364363535326464376237626239363736
