$ANSIBLE_VAULT;1.1;AES256
65373132333965336539613031613332616438356636356335356464336637313631393262363162
3938633462343339643331633761306134643731313236610a306561393061306236356637633762
61653665643930313134656135656335666166356665333963386666333233396233343736346363
6531323534356165370a333439363266333537623836376361323630373762333166393434313538
34626633616366346530333233313133656161653064663138356133323639333931353831346432
66356461656134343834363136323866613238626265313232623339613161353332323061653035
66366361383861343761633666353931393935613638343463393066316239316363633661613236
61643431373862306665336339333134636134376430613830386335333463383463633561346335
65633839306431623130383338363233366465333362376534303637346333623565393061613465
37393531653866303561323364313830633830393639373262393566306536396334666562353035
66643832346630373938343136363935376438363630653765653436323735363534366136393731
34346261303062326366643864363639633638396435323939386439663330343165326636666638
63666164623133366462646530356562663366653963316361373964376531323964643132656236
32323865346539643236643363626239326166396461396335613062313230336661613433636363
63616363373834663864373762303333306137346466656564356635383439343133653131623130
64363135383731636335646438313634393064393661333166626338666461326231363537633064
38336130393465656164613764646337323439313838616164623732393333623336383535643038
64663062636536323239313330386462656565343937663732336463323462656332666632316166
61366164346162623730356566663432666339653237323065356530616438653938336165353834
64623933303639643163643863326433323633366666313066636134636631356234366339663138
64626438353864323433643032346334643066333832636530653536653662323536643462626633
62656235366330633436646638636437313462313863643932306335353866373764633331613835
39373162363331376334373165373161623963653833336466343161636566636330643965633430
61353666643862656430303362646264383764383963653539643735373235336230616530663762
35326233346365336436636336653436356663666230613035316539346566323338383934323734
66663861363734656166323534646165336137306266643533636364333436346238373163393537
37616263313938623561656264386663646664363534383466663931303662366162383363343736
31353733653866326534333734616532663432623833316634666138326630363162616165373134
36396235633662373039653961323164393734343637366634333935366635613562356633653634
63336663386165343763633435653866343165386234393064623461373430316635323932313463
66396636643331386135643930306235306639633135333163666363613366336139393533643532
33613962323130613765313236656165393863323632636335366337626535323935333363623666
34363938313562306537623165623134316661336665326538363936636362306137613233303033
34643062376463383434653339336362346638643565613138636432393839333164373236313630
62303431316633613536636638393735363939373838333362306238383130386231333061653431
65613765346561386236333335393037656362386334363631353963613331316331313061653961
62383635326566383037353763373761643464353165343236643937346239326535623831313466
32666635636334643035313934343237383934323034383566663132343366633236336433303861
65306335623238383461626435386665323861383133623466656434666133656435666634663661
37386533313138623030383631376236333766363532353139386162663532343032373965356433
64316663636636393565333633366631643563663565653231666433636430643836376466656162
37656432633961666334616262613832366162313437386130393130336363376562333964643537
34316331633135376332666466383235333130363335333031373035326238306463343730653239
37643463383330303630346663336638336161663562346563303739363666356261373839303462
39646435393932323736343864373137316466373165353562383631376465663033646665323833
34336136616266356266383138323436306230323136393261363061353935356235313166336361
63336330633136616239316662633364366561636536393265383638336366663339663938343431
35323738353532656266333731643363613566323164393933336435636264336464376363666336
30633664393735383763623132343835356464633335653461633865343637323238313436633837
32616633636634376465316166646561343961306133366231363938336438323661653665306335
31643961343335626634633034643366323839366437353762353661333466353939616337646231
37656134393765353639653530613563393136356233653936613635633663636366613563643331
62356637386163623932646365353063623766396664396334363931666137393034386463363664
61626532643734663133656463333431393866336362313435393134353063363533383931613465
61376338633339343438396435386237336364636439336564373861353362343338653863613664
63636366616231383366366133303633393862386336363938396431623661303735616365643133
39613335316336643761653433653164633333636331643365663265373631323766653864623266
63616364643934303766306532333035666664386261633434323638336334373164636562326637
65313237366233386634366136333630666361323535383938383338633630623366656239306366
64613163343437373431663762666166646663663936313136396638326164386137336432373834
62323833623561306230666662326664373263373963386466356233646662396233353031623836
36353163373264323264366238346232303031633461653530396364346138323331366330353831
33326637626264393232633334386538383137376630336333643534386134323133386532366236
61336564643064316262656231366266663864383563376466343730366238303538313437343736
36616630333637383835366231333337376162316663333964313630636439303636333736386533
33396262376130383363353035663737636361333565383066346438663763323730656335333366
65646331623438643061616162383930616536393461616563376536336138313634383439393262
34396466353962663966316138333165396134356337383962356566646437343861333230383964
36316566333733633639326234623065343665363134333938663931633732386365633239363761
35353738373135363966303764386337386333373330336564373262633731373437363236313039
36666637663630303730323730633835306131613766323133393834343632633362313663393363
35643665653339303237333736666630313537666130373837383235343137616630633936356564
37663661653435346435316461343563626466623862613963616536663863656135383631356361
38643030366663666632366531623735346235316632333934323631616336633435346537333866
62363534623665346635393065386135323462333730643761393938373432383234313364343461
66633864636663616163303039363035356135373035383966613138613261323638336533333435
34633839383432306331633839313731316363383930373666313039353236383332616530366266
32613965336331616434653639613439383366346365313436393033336138383563376366613430
35653164306535393733323230643763646430313631626230656463306336613765653162306135
63323430383764346464616131646161383938303661386535666331636162333938393633323462
33306363306534393738343461333335336330626437663432386663633061346565663234653134
61373362646637616562353935393936656634333866316239353232343736396262656464303062
35643338386462663766396331316434333265393561373033646362393130383362313030313334
37383461363930356636303931313465386165666633656635303333303437626336316337353664
61623532343633373636316435363565613031626238643639383035353239323632633530646332
65356236383838393534343038613238366461326563326536386166666631383861613736616332
36363032623833656438666263666330393466353138626632633732306139316334306630333865
66653463646334643462656132373435306430393461633939393661616531663765333138656266
39373066393932646235663237633264653036356330353862323237646138666339383039643263
34316265623266393565313062353466316332383361626661613738353464323664346430383839
64363636333464396136313932386132346639336362386433353061333363626465636364343037
32623635613937643663373734303133343235313864656361396463346136373037383335646238
64613638376237636465663132666464633662623164313336336161623830373365626631313766
37366164326366646664613361313564643965323932396135653565646464626362633431353861
63383034336532323330383465626237376333623033316464303462363432356531353163353636
32346432376435613636353964653633383031373732373236633337346161393533396535326633
30623766326463316133353830613135633530313331633736643164343366306366386337353162
35313736353666303737393766363033326265386465653632373834616365623833353036373935
35323636343433386234623439616161666131313831326637623336393865333662373432616566
61363163666661346563396165396131353938353434363434653266343630366531346139613562
32313961623630663332666230373038643039623332323931363764636162303164613236306335
30623662396332343461306234323665643032643934393762343162623466353832636234316336
33373564626532316565313633666262663836616266333064346632303830393539316564356165
65383836643533636636626530613563313937623162663638643331363235306662386638373434
36306666653336373965326562373266373734313561383533613139393939306132646134313463
35396566666465636534646263303635663630313066636334386633376163383066373965633036
34663930333264616664656536366565653037653937316438636232653764616334333236623130
30663965663133396337343961356539626139633536653061396363346335663361303830366332
64653734303637376261613435373630346636626639393663646464663365626164626138656362
66313532633135353030383138616136376630366265643466376265613562643233636230643430
39623135333937353137323364356439363666313030643430313032383837313238396633336663
65323635343032666535306339353038636235346436646230396362653666633736363063336366
37366531326261333839396466633631306535333664333965616539623930666461373435363133
62653430303036623932616364616138363633353938313930626336636130336562363565386663
39376438333730346366353636633961303838313265373032303032316432343863663066316631
37323065656365343837323665613833333634343865643430663233393564383130376331643863
33623965363261336337646363653139366635663931333733656664663263363866666333616234
32363736326130396633646364393239356135346163393365393235313839333732633337373537
61383163633736663339393033366431313334613034313232383339303233343435663736616565
32323834613337656663363664346530313565383962616164616637623166323938306331313161
61323763343864666335613064316337623934613362323466636431643538353134653862386233
33343662326632623033393565646136333133643231653165643863346133366561613730656231
61653330346363303639626333666162383637633865306332633664383730343662356136303137
63343833653564323164326163303635343963666263326438313134666334353063333536623331
36313733663365633061376263323430333065663838646239396164336661343435323730376332
64343866386539353735336437653937653930356535633333333566636464333162316338653765
64653961616266383630363533353135316665366330663538383765336265373933643563626261
62376630336237633531343764613532383637316431653734663665323135666662353137653034
65633064323962626530353066646536353866343262646634333837366332303365333635393332
39366163376364366437643236653530326435333262666630656236653239633834636631353331
35396232353338303535633661663762373766353233643339393365306564656432376264353266
31336263366562313932653439623634663265323036333665393864353333373336346464613362
64356465333166643336333163613934616436636530643635383139313430636635666336636565
33373332393861356662626539383436353638356263336566333335363739386634333535623038
66643738326632373930313862623734326164656636653334363165336366373465623936386563
39656134653465373631646539623662376536356239373539656636363562646439363833383765
37333238643263323863626565646661363331373238663565393263333135366338313163623835
32366531643736316232623535343865383138376438633836306537333638646266656230363964
66366231643034613239396236646565396133356632653636386336663631613633376235373935
38626433316461616133663764323931353230333665663864623037653836333339626439353962
31626433646431373864623534616164653939353236383332616635313035386133386663653337
63663262353461363166343639663563313932636237386562333930643330316466393138653134
32386263383465653039653764386362306261656635656337373435343864626662376334356532
65313139343365366138653161626538646362333064666132363861353138633731316533626265
66366263363361326565333332383462663762386236613664613261393664333534336337383962
34383034353565383133353133353464343534326336643139343834646661346665383766656433
66383933386662313365363762323130623632373337643732626230366336333131353466313364
35613037343730346435636434353663303234616437356632633130376461626239333664646163
37386130346261656563646532326431383466653964376635343034343330376163323062326464
65333234356436343964653162633536636335323062333664653633323766336633383531386337
63653664383130306166333833663962326633343337393639623636663064323632383962666132
65346639346132363563646637353931653561343635636533363063356632616137353262666234
36313034666530313232633137656639656562656239376233373361653935343364346536643035
35326664383965396239666265353762626266373530353763373164626139353265363764623165
30323661663364333939653464626432356261663932356530336336353534393061303634373730
65373935323865386361383632616133356533396437353366666165313462613863366164336263
31653733363836613331346663336334353438323837336666353635383935623464326232663138
64303861376237646663353030393836626261366637353663363933653035353436616535363836
35376265346466346533306232653239643965306438333766366364373365623031393732306365
65616437313330336435613365363633343437633061623439383239326438346663643831643032
36333161326139643939313535313562666639333766326635643861663438323238626434633833
36306530633638313261643962626230653032396564653533366664396362306466336134383435
31356332353137383033633166366462623037623133346461616637343366623936613430333365
35643063376239383663633831623235633365656132323832613439313938623862653362353962
37653530666361633130383938643530313062613435653065373030383061643264333031333462
37333338323735313937313032346635363361616632303531353232373466653866646430323363
63326461333130343939326332343234303230383463633130366235323738366537333432323564
38613938653864363664623931636631636566333765396336366161373364653961316133623563
61343239663635633836633137353161316337343664376562373364663439663233653061343438
64346332386338626632356539373937353166313833323838313466386432663533323661396235
39616336306639613963643364616535373431313538323462633830633730613934346130346333
62613761613262346639373239613131383431666136306165333931633962386464383230313464
62396664356338333239306533363235383936376430333462353534663165653133386630386530
30386166366633383563393061343966333661393137656566386230336138363937356536356434
35386130646630396231336237623161383633376630303763393063616263326638306463663733
65343364376238623638363466393239336265376439356465373039316634373062343434373730
31326435373562326633383862346663383636616163613962323434623234613734646266383236
39353465616265376563306666333161323762343832333934306364373065616634336231663265
65643437643564343861353464633863653433666435653339623564346262383138356334323163
39373664386630663363626464386539306232376536613564353863626666343938653439626261
32633236316131366631306662643165346636343936333465343165626365303164646533343834
35376339363436396562656131653537396137303266323862396163626230326236353133383131
36343163353065306133363438626439363066326161623435383665353133353339303337613133
61396136323766383338656532623333376265626339623530656430313164666234393061386631
36663232303062383739376438363737666332353035336531316238306533306235303562353836
31313433363762373261356165353131383638383265613862633566303531343662396438373862
64343530393436656131316432613434663036333434323830333431396133613838623330396464
62343131343534316662363430306461336639333132393261633766316364306266396134386232
35653632613433643331626665623639383930613039373931326337666435303033323436313632
31643038306133363366626161636633393437623130383233323665666631383864323530663430
37653434626338613263353561646438336236313031393465306638626631663365623435313030
65633736313261646163326461346432316531363761343964373235653331623634616431316132
61633533656334323935353232346331333861653539323663636137646165643163333662663536
66653165373331303161343630633536653336613439656465373661643533653463363235363134
39616437393164373365376439323432346539326466303038316262373038373765353038643461
35633761643637613330303161346532666131326233376139333437303465646262653464656333
31616334336666303235633739363462363134396438356663313236383064653037316637306339
35303136343666323661626564323434666364656430623935306166653039386139313263333930
32373166333437333466356539343231306434303532316333333061633039336533366662643831
61633035303061653738303461636632653961643336346464633435376634396462333466396663
66343934646333313332643337346138323037316666363033353833343362323966666336316365
62653832353833306334656465303039383434356537326234626137356665323763653464383064
36653533336630623766636439356361666335663266323133343039623065373433386430663134
61666664393833346233366665636363313335636462613033356439396139643963656331343762
36316236396630336435393465373263363937663161353230373166396262626665353730326661
33346364376434353734323231316532333830306664373133653336646639353662303566313165
31323364653065366434323536396336376434386665313834373137653933633736666438383837
66636165653962636566323461326333383334636339613039643566653962356132316165333539
39303336366166363563656636633831616166333062336563616638636166306263633866373961
31393461373634333139396265373462373638363463623136306633646261646663313333636633
65646362393735363830643366393632393263613537386165333533343965323761313935643436
36653733396137613633653563656162313834633961353930343361396431333233643736306136
37386436323931303262383165326138623838653239313134613661633166323334363838353364
32356238613537363634366132316237633865656339326164663930336434346563613334366536
63396239336635366131633233326664373337376161306537623261306665333235643639326639
65616531386230623763643134353137383833626232373763316262326162666464303933633633
39386465643539343133633730303630393061393365383963643931306130613837
