$ANSIBLE_VAULT;1.1;AES256
30653138363431636235366431656436363635613139356165316163636665393566306465346137
3136323537303736316563346131616632383264643137310a656138646662373639326135666638
65666365633735646665323335333036323036626439626430323536653433656337626332623534
3638643938333962640a393565333634663561316639646438653438313239616437303763636366
30623164383361343664313438386361363539653262623966616236653163336338656239636264
32303866396663646466643935373864626561613830393834663464666233376434663232306435
62326364386665636162653336363464363939343330306534383230356531393764336133326664
63373563323333326163313236306334613135303563623838623236613163333136633163663066
31623332303962313937306464653031313935353333373563636361663331373539356337613963
62663636663131623764326533633362363338373936633736616536386232653831396539616136
39646462626538616139663565663231343434646637373835346130623761323437306631323962
66376430656633366564356362343961313230633837633538376463376634636539363462333335
65643565346263303666353236323033663062666330643861353034363863666635353338336166
38333734663336636630393234326162626364666333376239626562626564303565623534306131
31343034353663313935626233653738613531373166623835633539313936636135373039303630
61356663386538643366663535316330616536613433643164616135623136373864653761393835
61643637333863666661663830626530656361626439383162333163613337333766323134393664
34343530316561373333336463386162373438393030376561663139313532376166356465643233
31616639653734306333343365633532653638323564363566363333373035626434396365343235
37383461633565626161313338323865633032663833343063326661663934383161613565316134
62626265346361373533616132626330346335306534646666303632303464353738396233356262
33353631393334646334306339643766343136633639363132333436666131343865343865376532
39346462373033373866326337396333326637313132366137613636303931353939343535663437
36616436663064306430613866656439643564656563336433626265633865376562343233376363
64633533383533373737366433613234616561393239363465393035653730363937343762316236
38343765323737633965666565326464613265343131636164656433303934643034356536666164
31326666363961356230353535663761396333366162313930633639633239323966323335326131
35323166643132343739656535346535383837393162333830653466646664313330613131386566
33366636623561646638363931383361303061646461316630636638623832376439363331666136
37616439323137303630613932373862353762656563663563383238316262373136353035633532
65363662623266313638626136336664393064343362303163306636373735383636623031393138
32343132323561353561653033306436353839313663306234323035306566663562623161636630
65323463356632333663306434346665343736633435343030343965386665643334633239663365
61343136393865663139373835376232303836613331303033383539616338633863323564633133
36326531633538336163613335323031656333356333376332646261666665386233633033663365
61613838623231343637623330323263386231346466663632623431333761363563666266633663
31323964303964613362626466373134356365633333623132636365333764343439643335313266
32666232343933323239623661303134386431336534373937356666393634363833363134303365
31663565633162636339326239663263366636353330386232663638336162393337356333366538
30383561373133313333633437333236643361343230346432326565366432643636656565383731
30626566663264646633646664393165336536633232383866636532343462616532306266353634
62656631636136316435333433356462313866646633653039303361663836303761666636393530
38303930363836383631393234313164323566313432353439616634633131356236656637343339
30656134303334323535343931636335613935323466626161366137303932306238393364636633
32643564636339313134653365333665613736396639346432313861326566653337393563303732
30666432396232653834653464633537316631326664356661643864343633363835393634373536
61373836306163386265643339326238386339303763633066616636616332636563356533366364
34616537623961633161316532333666356165303232633763393363353530666563653938656439
32353536623334623330616537386238343037376437656437393561633835313739386130613865
66633835323862313962373335353065616536636561653931633963383266613838323836636337
34656364333061633332336564313438323734393932666637643439323937366162643236336664
62656437376565336463323130653638323161323938643135303836303432356434653565383932
65643061323131346461643339616465376639653965326434643066323364303435323366346166
64633336393764663135353035363931636264346264323466323730386330323634656139633831
66306235653836653863623564333266306530323463663562346363666464623564643239643332
66623161386537663635366138653435356465366532316431653634343862373533336539383561
39646532333234613237353237303630353838323430363434623563376539323133326234373336
32613539653363633861366534393165373437316461363139346332316534393162373530646262
65353139636439303532633962333839336430633234343531323364333237653465326630373063
35383833663132643563303638373865656638353430623733616661663739306363313061306439
35363063366663383131333837666131633338643966613232633462653933346436353239663066
35346630316232636137313332396363353531326366393965386632396137343364316333646638
66363762343661393933366536383630396232356333643565346163303461363231613932393736
31326162343633393766616165323934333031323730646462343562306633613939346236656164
66613530376537633132653662373536613764303038613633613135666436613663656266373462
61616432623333666165346332366337623239333664663963333631643762353437613566376266
34306166616361316261613562383465633533303361623166613234393464656265353334393662
66313239396635376265393363323864363334303061373866616234616431393033343164303735
66353235343336646538613063633832376238393431336537623064336137666132346435313637
33663163373035386266306163323537383634396536633462323030646661306165626666363931
30386236313831653638306537333432613363623839383836646338643661646164346264663534
34383635383535656262346138306435333764653533313665383763393934346165666161333037
31653638636235346566386165633062353138383832636137306635373939323564316139323433
30663836326565356264653961316538396132333965633435353965396137336461656464633264
38323938366532346538653932636465363036336538333637386537366634636261333536316534
66366239613664383432666532386232666261333739313432656432383236616261343237643232
38316637323635353637373566643762613238346463373833343835343437323534343432363237
32376565306137646339633431626533626361656531336238376539326433363437333266613536
39323032343734323561633639326637353164346535623437656530343034353932633266613938
38656238346432316336316365376235353432393564333436396264333338666436643630613535
32346266326230393161376430653336326133333163383062643361323235326335306239336332
38383636383939663766386561303362626434343464626261303265323861306664343139373133
39306561626637643031363337613632323839633737643032626464333333393435333766363366
37326632396261306430616563633537663832363436396535313335323435626363376262376430
36376630633736393037383133363333623862363365653639366664666462343030323233346331
65376431343534346164653335633439666162383361313765363334663730313263356638323335
36646532306239636561386464313835663334326531386464376461643062383335353764326332
30323766636263333062653665383435636163633062363730376533623034653762373362313030
34623665643737393639633839343261343563336165636132313534303835323466643130633666
66646235326338663866653533303036383864363066646536643730313136333034636238386462
62656430313438303432346461356463323965623862626161636132646232353864626534356364
63663039383537363461343934666635386462393930663036343265346130636438346337386464
33336335303937396139666165323536316238663531346166646235663361363236383331303231
65303535323039393366613430386534303437363062306661353663636161353139323864653161
30333535353238363630653737613735366336633835303532393566373137666362643335656633
30313232386164323861306435333366376233613830376239616239316233616464623038383534
61306439326231336435356562623838316338613437333838366664333064346165393636316239
38346466363739316437663831653935383164656366333166343236663266393566303062613363
39396463313931333962633938383332646537316236323732623964386263663463346464646330
64663634646237393330656232353231396266366238636138653437336266393437376164303335
62323636633761623839663139646534636436323461623663613962623033373666653336373538
65326463326163633439636466353839303061333265316131373332646433636533363061356438
64373435366639333164333261623638346262613938393265373962343437383637326630323966
66663764393732306565346334356236313232373536636637333835613863663561656434323330
63643538373932613331303133333665313235336335306566343530353836316337333661663564
62333433633234366633323462613966623335323038383564666333646131656238343663653335
64376664666264323763613136643131383231356431373966383136636431306639346132343565
61623962323063323738366234333464623062636537616630396434343439353861303661383238
32373531323866303862663062396336363166646238376362646536383930313230373463303465
39613061646239613361653430383539383466653534613365613633626663323236626164636531
64376365653264306630633563666439363066386634336439623535333835633561383539346436
34376136363939336264373565653539626133633766356236303130663737653033643330666134
64646366396538356535393833326464366363626162366164626365633463366139623032623935
32393061663235346661343963306535373331353630326330623064653965306138393632366339
61663435333662323161353134303763656532616438373234636562653339386234656162373263
33393534386563366334333433363934326363376561623231356636623266343462353935333661
61396435663266333436383065336162303731643237333139353831633966316138323762613734
31356538313462336637336462353266353939356131663135656438643336663936623736343636
38646132636235616630373834363135646332653737616339616539306637373732313939353034
39366633363961386434626566323631646335653730336334393130313463646161356362363365
66363936356366633231663964383166663136353831343830353832666436653833333133323461
35633663353732613334306532366365323931623036313130633139346134356330343539303138
64343938366234346432326239383939353036343866376564393936343433323561336537336434
39366561616462656131306233356161333832643631303138623737363066333331663538386537
66643165623561306335356331613832383138613235306434316133343530633764346339663962
31373961643738656439386136356232306464633661366137303363613030396639313735363439
37653337346231386161353234623536636265326236303561383437666638643764613764336161
37343532356635643532383062356337343634376463313763626564323233663365646366666666
61303031366262356164343665303264343939303135303565363036663862613966653435376139
32326564353735306330316133643833343439363931623564633536343634376537626239313937
63666336396639316664623961656539376464343733326532633033643664303733323563656238
39376464303635303839363137376462303963636237366235393531366462653532623736643432
30313132316562633733356266366166353730363465363364623964336462313561376265336432
32636332323061663865333831653037626235613039356166353663393466613239303631373732
32313736353134663762303333613038336465346134616662646361353739613330643535633432
35323362623464626531636161383132363035616437313339613836343864303232646565616337
32316533373036656639653933393931626363313733373531623834393766646665396437616663
32636130373066643339356363326263346465333061306339663734303332393832386462623663
30363738376638623964383830356163366134333135316361656538383766333862366361393237
65643962376633366532636431366136396633643762323162646334376365626639623663306663
30363564376435646266303062313630353566613431376234623961373133636166303530386164
31326639666230363035393764313530366564383666376434323861396264333634343862633134
66306363323338343564643162656566353935623430633737666533306563633564363765303861
63373661666361363135396164663237626233383437386135613662643736633231663866666361
35613763393661623936666664313333336562326334363734396636653264343061663736373362
31363862336235356338623832616165353237383330373432336363363039343532306133663661
31393235333938343261356630356135373337393538343738353333343165373632616266363463
35396132326430363131303431613364333234333763646365386664343039346362376137373864
39373836306566343439313034653865393530633437633232366164633031303339343464316530
61323137623336616664336436636565643232353262336162643130343532393363333765396337
32346562633331653338323730383064323531633336383363613162313333336439346439306336
39373933393462656165323232666435613335313666306133326333623036643766656536626363
65326334656537613034303766356531376562656238663961393139343039366538616639323138
32623265396339323533383531623262376534343531333532303638373433376533336439303139
35613338623935303563643665363962666234373430633261393331363338636533623364393662
39666663383633633433336436313734393661376564626139373430313565643065373566656563
65336365613666626630333434626362616161326161396534626231623332616234633137653430
37316531303864653439636539613334613533313463616539343063386666336664663837653734
35663738326532333665313061316661386335613861623231363536323663653661653766343162
30636433323730663363613962663038376437333430656534613130326265616635333634393235
33326566393038353335663161303661313833356363323837313437653663313933653338373761
33636230323163653364316135376639323764353964386665366435363161633066653439363063
32376262393632643561643233313435383233636463633233613236623633313565643933313037
31646635663631386137663630346161316165383831316561636430343038353833626438396337
35333461366233626637646534316563636562613735616136343762353134306363386334303565
31653139376264386231303335656466626666386361643232613264336333316230343565323565
32656135373930363730336338336137623937336230666136366363376439326163303561323637
30393163363364326334393162613761313762376564306565373762383765646263303266333236
33346364303066663665376233306364363635666665393331396136323561333763386263316164
64333032363635666666663631373364653865323965613839623932636138353861366166386438
61393130386139656533303266303230643831616162643031386135336233326336393762643133
64373463613335373634666231303438393964393362633062363236303536656434653838383062
61343638386239303538303933653730336463653564386166633433613262333066333438646236
66663134383433343939303432326638623433386533363535636235386463333364333630623534
66353733663566663739313930393536653735653965393134386362313236663062613131343037
31353938373862656433663337633736396461363930653536343461623633633436656264666265
63653633363037616535313265303366346232313834316433313262653136663764356462393263
38623662623061383161643761303361346335623563636161333131626536393965386336336366
31316135623062323964663732346234373034643266393362653463626362366263613363366132
61326136623462356439653666383064656134393036316432643237316136383230613831326236
33356237316336393763376637336463663935363663633162643931393235633931373831656432
34316435366533623435636261376363343066356638333132633964363366303937366631656666
39626464366562623831376439383366306431326330306238366630643738373139623661326334
34643330623035653461653335323635636364353139616333373032666661663732326132313338
62653934633932663463313639643939386666303761393462383764653065353534393862353535
39346363306331323536353637326263346162383661326337646130343537373232626662353835
64373565373961613438393461656162353461336164646132323631343831316636323236306466
61653164323532356633663366663131363563326630316332356139313766663561343161623363
32366631656263333563633863386530366262613037336336316638363962393566366438343033
31623863613530313833333265623235393434356134613930333862663138633964343234353330
34653031313732636165666132366133366138353862343065336534643766623434643932393630
62663036663739346135633736643633633439613362393463373466613864313765646237316536
37303937393566613163333533653332666337303834653965333339376637383336333832326132
62653633396433313862323537396364386362396265623463326233623437663733383463386338
65623338393263383331393438306136623232663533666234613830323133646331623538373438
66303662633035353339373364313862376638303136366366663363326132303763313865623431
63343130336365663332633031666536333930643031313930316436323866663062613433626339
64376637343235353061373964636666363236373337336362666163383835313836653537633262
63363361333564323131363061636263633533333961346565396634613461613664616431323332
65313961643131666466373531333533323033616562636463333539316264306264636238313262
65633833633331663364663166396264363865363234383633366264373166636666613234306466
33363262646536373461636662306433623035383131633231663931316232313332333461623361
38623838303663636334366363366436346561623065373338316464353432353234623762393030
61343431383831363765346662396261316131303034356331373466643237306135373931626436
36633133363237376134383864386235393038383466366363633738626339343037643038626266
37663439393365396433616333626431373536613932323034303133333063366434346538616461
62363163336137396632333461393364386339656266323932333034613633663233306236316463
35663932383764373661333762653063373662663066373639353930383065626239343432363263
36623037303732323936646435336230373565323833396566336637303437663631333739636632
63363463343266306163373765343237663433613033376237616432636536333765656639356235
62623232363033353565666534613963343462653239326563653730663831633734663038656236
66653434393234373132346163643064383263663466326334343938306530313738616138313131
62326633656637666666333138373934366138656666313839303630363033333032336562623762
64353963306661616461373237653138343234623162346138356239633033343831646432353931
38653366333036303833353366366266323837626437303931633830313934333164616532336631
31646631383865316235383734613061303232633866353966663737636431306362383838346132
64303965323836376661626332656636303461313863366135303233663165636166613031306663
6333613665316563393965326430383537633737363430623765
