$ANSIBLE_VAULT;1.1;AES256
39363837653463393563363531373536323230643432623231323063383830343365626162386233
6563663865663066613332313834356239613438396633370a643361633266366364386237393661
66643261353664303637666630643437343631653934663965396635646638633338326334343637
3764353562653766630a343131633762663837666234336139613564643532383836623464636161
38666332376432386530633135626337616364613066343534633430396262613433663230333638
64393338373263633137636431386339333633633464343962386434393934663461376639343637
32663466306337373861653530303165626637336163303766353637323561613635636433333666
35333633363930643634653033313938323165303439343734623732393161343361636564666333
30653733623137646333336162633266316436373330353837323833323862383636343234643261
31393933343432383334343231353733356134666364623266636462306535643765366530363438
66353630373536386163653264643366386334336666373432626131336563326534656535643939
32353936313337373864396331653963353536306664636334303335393833366464303434383035
66303465343966346436363037393363613538636664623134663862363535396562613263363662
39376638653433313933303230313566373033303161366165613531323266623265343138616237
64616238333731643231336238623664643364663634313632663131343761336633376164376435
66396264323132616232373939653434343635306366386633616666316432333763376534376363
64356564653437346433323936363433333235396230356635306564356536636163633739326564
37633764303836316632363464303432323134643732613830636563396531616364393032626530
33386632643832646666303134313463613738356634636634363636353163373732383962636539
62323034356639313562336634613561643637393132383961383139356661316230313932626661
34383835623065376365393636616165366334313638336139376462656161386361616663613935
37393063326435333565366261383938636466366135353436353439303636623038313833646165
61353938333035303537363834336635383861396165626335376162623732666536343163653539
39633465313662386364303964393430383263326335326264613731353065653865313237313736
34326634376239313462613732366635386530616334393536666239386639633237316531376638
33346335363232316661613834633638343934663135336238613938656430363761636436363762
37383932383536393762613831616363646564333134336332626562393437393439656639333530
62303762626538306336333166363663633434326537613161333363333162653863653237386432
33313639323636626663653463656436653033623336646331386238393936373830333638396434
39613161316166333639616361613161383633656562333135663964633630343365356337326437
63306262316165656236343738316666326665363863363730326365663866346562353830616131
32333263623161393966306462353831656335633865653566323432656263303138636535373938
61616235386639643531306532383064666364636336306133393930643063636462333461656265
30356465353834356461386133613763653563623765333838363561383036613139626332646461
62396666386663626133323363633136656634336635396336306637383238373031326266383336
35366633343435656266313061626636646363653332646130616261393634353830346235376564
32396637663765363336333062386135376136636562346665326539656535333161303734323961
30353263643066633334313236636533643265636166626336653430663432373663303536656535
32303036323465333936316232363637346639313335336538306137633363363364613264346636
35373866376134326531646561666633323639383737633930336434383832333765646631373138
37616437663065613438653661356430633335393730303165366238636133643966333739393636
36316164346132336631373965306661313738393565646134643136383738366233363564623762
36386161373237313137656566633538313263313866346137643263323938623439386537623064
64346430623837623937646164666230653966613162333363626666346161626261636633383564
32306331336436653133613832353939623364386162343630643365653832623565623761326532
65626139656238363362633833653235343038386534366635306163626130343562336338626562
61623961303331363264376264373732376666383133376463353339316337393339636161343465
35626662316463333664316366313261333034383562666364303962616539323137396332396661
30383165346261313635336531623365346536653938356437623030363830363339386363366563
35343531623130383735373530636666623833616132623863393061663266643036616265346639
34643631376436333464346465636664386533613232336562376461383830386636643838393631
30343863663836646462663239616235396332343538613535343061396130646634613035626164
32393461316333366164613065333435633465363832393633383666343062346664353233363537
37353462393835343066343437353837376236326334643431353035643262373566646561616165
37313664366135303930326161396630643735313132376439333563646162653036663730303966
64376235393561656365636134633161316265306430353330356138613737636232343130626234
62633132346131396364336236316262303566623335366565623366623938313164616632643963
39323262303434666261623133613766313064646333633930656134313232636132656263646564
64633433663339303237336538383339663539323739643139373165303965613531343764626365
62386562633839653630663261653166633530653266373537323561333737383731356630353333
34386563383636333435653337613430623862393662303234623438383366393665323432643561
34306634653661643436383737323163666263346462623633353966656339663062643434383565
39366336333830326631333532626639613463313730386230396265303733613233633165393165
64613132306364323930656663346561366432646234663230363733396432383131366631366562
36663565353362373930663335623962346232336162613039653962663832626438643866356261
38666339383731323539623165306336626263363862393038313462366561353032636532633466
39373561393064343763356161333362656335623935663862643064303465636634656664356463
66653232313162316166656437383231383735626366353535353365633061363736393163636335
61343833336332373362366636373031666231656663326139373531303831393831343834623562
31393564656131636434366561613239623734366566643839333361383531326466633834663536
34643436613936643833623564336561666237636335306135393532396637663337393431386266
35333434376439643931653331653962393363653037393734623966333537343832333830323239
35633939613530663539626164636333353430363935313430363339306532353438646337383863
65326536666463363636316130363630623132616264663432653061656664346534356331303034
61626333356434346337386533396632633430353265343965343638653135393336613633363738
37363334613038616561613735383938333938343932636136343564646461363663393633373566
36353266636430613230633161316161373132383938313864303437643737313339323861663337
66623532386534393937666332623237623565373133636138343135303334663536613938656262
31383865316339353465383131643234623165356233393238343163326266303938363137373565
30303731616163323165326234666265303538383633353433366264373833363561363161356265
65306331336464363234663163353466353865306631623038393239636665623534613066326433
30643734323936366633393565373463623964333132373133616466333636363138393632653231
38356161623263646538333437323239353532366462616339356664633832313431623033353734
33363035343531343930303563653736333663346134316130613638383861636633363566636631
66393236633063303061306563653237316433303865636363303330323234643236313466666635
30346634616235613966356232633730383565303461663162643732653737646533353164353234
64636332396566653938306233613538393931346137326461333364646334363936623933653030
37613562306636336436323765356131313734613365366531356666643165303864376266316639
30386165323764346439336434313761633235633435366166316461613736373362383131373832
65346136333135663635303038396363336161643331323163343238353831363137396461313566
38613036396161386230613364653435376535363934623163393833383838373866613266333937
63363063363435336136663630313838626337653435306664313338343432343838653238663832
30636633313436383835613638623231333762393063656634353838646661623964393265303331
65613236373235663135323165646162623061303939633737326336616530323837653361666438
32363663386261653863336565303139633034626531343436383966303961363539356232363033
64663866653837623962653439396233326638376534653339643637333430653564373962313062
37306330306632613666346661363935336539656331333735363561663634353661336462393337
66643065376437616463386331343636366339393530333533356434333133396336346562623436
64363735336130643966376564313664386331626264366139333235653932343438623032363935
66313265353431616239333238316633633265623765636566333239666666323934306463323338
66323132343539613836333732353963393033613434643035376264363931323031316530663133
34386630613166376234333536363030626236656161316534633230623862343562396262376332
31626530363735376563366331343334663835366366313832323633323861323531376336343339
61303439346164396162313566373436636336326136616336626565323264366465623964383139
30376566343231626335356662333265326363306235656165343263323838326531636537313239
32333631636663636333643630386632376233343839626339306438353864656437373661663963
61346238353433306139313266386165303863663434333333366262353562643563336637633538
63346335303034613939366633616138376430383932306664376431386666336361393662656262
34633635353332383466333836306539366532316462393363613162316261663539343530613430
62643337393638363434623732323337623831613933323838313861313738653264653033666530
31356664363330353066643039653130323833643335383365316636303933663633376631303833
62663333653864653430336564376565363265626633646630346461333139303339663066376662
31613034633033343333366636393232636139613864356664626464386462633165373831396437
31326133303361633633363133613034323436616232626639663263336534303733326530306561
32396661633361666261623939633734353062373265323862613965303134313231396363323735
64326339336264313065663463646538343535313530633031353537633864393062333035633331
66323863656233633534633830646439636462363339306632363461333237363133313363643166
39623634643764656232666334333939313161653266353665623930363834363335353730333831
36626164343136623332363863383366643866646230633635363433643934326430666263393061
39623262306334323766393163663866303233616231383361663061616365633539663131356166
30363938376361343864666632613563336165646565353362373232363438616163666334663563
62366138303064303663313937373039363238656266373361313363326336326134363235663265
66623866333235393662323532303339383635336332373534353965393432353033396138386131
37653561396165636235613335386263313566376566633434343233366563303736363361643231
35353664643131646263346466363239383436306266396665653137346163653138656139343862
38613435356535313165346630316235336136303531393866323062343766353165353764616331
66663465363365303535646136333265303164653864623538396133666430323661616230646464
38373164383161306636303036393331306539623439346233383435386238356265346639376331
63613866336233313035623436643163326330333937643830653162383636393933623762343763
66656164393238303833316561616338323030326664323538373739383935323535656237646334
31623934376365383737636361393861656536306239383139396538653239356663653339633833
62663538353565336139396532636266646563666162383032623639383836363165323962303166
65383632346564653962393933336363613536333031656265633735323462336337353964353166
39313365323532633038346164376538343562616533386239616262663666623066643838643632
34306363306235646334623734666664336661366235356330366530326261326466646462643632
30323766323539313931393738393831633361313437353936323661653139616264643735383135
61333265353462653764353036626632386162396432326639636564346466386636333837633737
36343732623836313265373932636637386533363833376233376439393462663962396338323865
30353230323732656362303564373235663133363564623732386163316436326566303464663138
65386334303236663638636630313266333532663061643062363133666665396135643965383433
38356133306537363065333335336162303438313664663530376631663136363839373137353661
62313461356136383739386339316462616339353835333437613935336636386263663665646237
38333263343930656531636539643538303136616562313138303431333063653630386236313632
34393135356135306136653533396261316635303336393138323731616131333962613332386535
65343266336432626665313262346338356163336139353632343136633535376161303536326161
66373065636561646366373463326430663333346339353338336166323765656433386532386138
39656363626132396533666562663630396535386235343632653262616137666630323730643731
36663438666337383064623636656632333131343539366234353236643264383565353132353332
36333439653932353035396637656538633539373564313637643030623637316461613934646435
65366239613435333562653034656462383864653133333831633463373762393830383233356365
64336637373934346332363833613665633535633666376265316364386261616332306138323634
35386366333335636435323832366333346638653730373937356164653035346361373836633232
63326436396533353432623562363662616464323633306332613935656230383764343333386230
61626464393030623266663438626630383132343262326431303133323932373039616130333862
35663531303431373263633465373836313633363036653832656631663865666632366662313631
35666461636132326431396332646138393266373962326464346561653561643235393563653031
63303638626566343163623230366138346564323765613539646235363136323766663963663335
66653035613266356433626561646663653763363863376234346436396331396333343933613562
66656233366461633731343835656439623638393836343139346238353863313530313038333235
66643663326333646262363831633765383336626661646233353338373462656664663235333664
37376566386439363730623962613963646231623264663038643936393262623135383535613731
65326131306239383465383630303031366266386463353234393137643961393830306563333735
33326332366131316164646631643339636665323663333766656532303364643365626332663031
65326231633432623239343239323739636330376231656662343766633661303734333431633537
32643537643831303638656336613930656236323536353864376563333137313133323563623530
36303031366266613034353661343564653033313263343535383938323566313836623438306165
34663262346634616266323439386264383531653634666439653735316239363138613932646366
35363962653564613563613736333438336334643339386465323033373261663239653663353234
64663631343936663561393765626665646439613036313865323864313862346230623264646438
62353536663836633663373865663531363438626162613032353434366561326138633162643139
36643238636362356334313238393862633231353534653837343834306363666334333332666362
32346465303366623535623830316364336462376264366437343039626531326365616535366532
64316332616464333133353336323063373437663431366234646335373361666234613236643031
37636130373662636262653534396465396365633934396233386232303138363862313265353763
31623631373863353632343061653966616564333164663962653631363730626535393634356665
63346339613433343237393864366666633334626631623132336430323331373164633635313433
66633137303537626434363335316531343434363663343135316366336634626364303265343837
63653462346534663363643162363437373135316230326363306161636533643238646532326363
39343862396134343930303230666138643836393936613331366539353234663666386633393966
61656130633263346436383664376335363834396130343338353634353038653563333434353465
39336238303963376565623265356637303334333765323964613565393731643365383430306537
62353037306138386338363865366630656637303761323164626136323331303530666233396235
37626330366430653662363164653163626333393163333037383837383034313830646637663037
65623335306264386139656533396634363766386539383762313538663939386238393065643962
64623661633531323735633134626364656233393963396538323530613437343739626637626438
30333236316561336530393934346465366262306561333933363337633738346435626266386362
35656635313030373139323061353331366533306430653137333536353436656630666332396639
37386632323237623963323632353565306231656430346332363862636634666433643964363236
63666166343136386637356663376164313935613065363733303533366233616334323463383634
38623339636463636433376235643434636434363639316339353133666533386239333130313939
65393930333538616134636639333239353031323238333532366631393339616165326562363732
65653338396530303963623262343430343032393434613938656161623438646238663666383137
35666162313935353462306362376131336335613836303834306664313037623137306134356566
35623934646435626264636435656639643763363063656164653739616137663334613139313038
39313164646166383961636436623237373466383739393266346565386535383837616435666164
63346563633230656632363538323037363936363662313562303335333230343861323861643933
36396630316134383134633035316337656161633338643261363865663835353436333539383065
31643637613433366237366632393432393566653365636237376563373763633233616338326134
34303864326562646365396632343230626236303536363634613838636430336333333136313363
65353430616430346635623236306461303134653063633533613037623939306565353133313966
39626334306333303934613434393938633430653738356365643839663364353364316130353063
35656635353734636263303137626133323336636231393462656638383339323164323337353435
31366664336439346230393432616530633537373432383036326630313963303833303830323462
30663631333961333335303661616536653533346463323161366434626537373838386532663035
66646231643366323237373532376138353666323066653639313537633234306630303032353664
37666663333530373063306635373833333737316662373934313865663763303231373437366437
32633463616532623739616662663361353435636533343564343363383366363336623361303864
61373831653464373065343561666566333363623863346132303963333064333538303038303864
63616131346564663461323733643837616633383636653835316639363335386565663937646563
35666364386365666662636630656135653832313466313165333735636238636635333866353166
31316434613638656439376435336165613633386234646437653936643934336339663462386262
34663437363234363163333036303536353066323835333431363861636466346365643538633333
38613338303038623032373563386238626463663436346563356137353235393331386336373136
35646366333966383636333230653730326366313038363137653930333232313431333866373634
32653266373262656561653863376238313138626237633330643739386336326430303061373535
31363730383564653133313163313664303531643361396163666466333531333736646130353964
66333538643535613533633231306233616639343863643834646561633863666438
